139,122,131,138,133,112,124,137,128,122,137,141,127,124,124,116,138,119,136,127,128,133,108,133,122,123,119,130,121,129,119,123,146,124,131,128
131,127,143,124,141,119,128,126,117,135,128,122,126,132,126,122,116,125,132,126,118,118,135,124,125,124,128,130,128,122,128,112,126,130,128,129
119,131,125,134,136,124,131,130,122,119,137,133,128,130,129,142,120,127,121,125,139,130,129,129,136,130,134,115,126,137,128,129,144,118,122,134
133,138,121,129,114,115,138,118,138,122,131,125,128,128,126,130,123,128,125,124,116,116,121,111,128,125,135,140,121,133,124,129,109,122,118,123
124,131,124,133,136,119,127,133,132,123,134,125,123,119,125,119,138,122,121,133,134,135,128,125,134,130,131,133,128,126,134,113,125,138,122,134
125,127,127,144,113,129,126,122,134,113,145,123,113,121,127,112,121,110,128,136,136,141,125,117,118,116,125,139,131,137,134,121,124,141,127,124
125,128,131,128,115,122,122,133,130,146,119,120,127,125,135,127,136,130,138,138,128,144,128,134,117,125,123,136,120,118,141,134,128,125,129,123
121,128,131,123,125,109,124,116,122,130,128,130,129,134,114,107,128,127,130,125,142,127,105,115,117,133,128,147,117,125,132,148,134,120,128,137
132,117,133,131,134,120,130,131,123,143,127,126,120,128,126,135,125,125,133,122,127,137,123,133,128,132,117,132,130,127,139,118,114,139,122,120
137,119,127,135,123,123,128,123,144,143,119,125,125,128,127,124,121,129,123,120,126,128,121,133,118,133,126,127,125,132,137,128,120,134,127,119
135,123,133,134,120,122,126,143,122,120,112,124,123,125,134,108,131,121,128,123,147,121,128,127,128,128,137,122,133,131,128,119,145,128,126,130
145,140,135,128,130,118,126,116,127,143,133,140,125,134,127,119,122,125,133,122,138,138,122,118,127,120,126,131,129,149,131,119,128,125,137,137
113,128,131,131,128,101,127,125,119,120,130,130,129,138,127,141,127,128,129,127,120,115,125,119,132,124,133,121,125,128,144,114,123,122,128,114
126,125,128,127,136,124,130,133,132,131,123,130,127,127,129,122,122,125,113,120,124,136,123,133,136,125,114,128,128,136,134,126,123,114,130,127
124,127,117,129,113,114,144,127,127,137,120,122,132,139,139,133,119,124,116,125,128,130,125,125,148,129,123,111,119,136,125,146,130,120,118,119
120,135,123,141,99,125,120,122,121,128,134,122,125,122,122,118,111,127,124,138,124,138,131,124,134,132,131,127,128,125,122,134,128,139,128,130
125,134,126,143,125,132,115,128,133,113,145,120,137,128,139,133,145,140,123,129,125,124,139,130,139,129,142,126,121,121,125,125,113,148,126,129
130,131,124,135,126,120,127,111,128,128,131,138,135,122,130,119,126,125,125,133,120,142,115,139,133,128,160,125,108,125,133,128,129,109,127,124
128,119,128,130,140,135,132,134,120,124,115,119,122,119,140,113,125,116,135,127,125,133,116,141,133,129,133,115,136,128,138,112,133,124,131,127
131,119,127,122,119,118,135,133,130,128,125,131,122,130,124,121,130,121,133,130,126,129,116,137,112,126,121,134,126,130,128,125,145,123,124,128
127,130,130,125,130,109,128,125,126,127,116,130,129,115,109,130,126,127,132,122,127,111,140,116,126,132,125,128,125,116,123,103,132,123,132,121
122,127,139,137,125,132,122,125,122,122,121,126,129,128,122,130,116,124,130,132,142,129,149,117,134,119,127,113,117,134,125,133,117,112,116,129
124,136,127,125,132,128,133,128,127,128,133,109,128,126,130,120,125,136,114,125,126,125,154,126,133,129,126,118,125,128,145,151,126,147,128,122
125,135,113,128,129,128,125,124,142,112,132,136,126,125,128,113,133,139,125,124,133,131,138,142,135,128,126,110,125,133,116,127,119,134,126,133
131,130,128,134,128,130,128,126,120,130,137,134,131,126,131,126,128,132,139,128,141,138,116,137,127,133,134,133,124,125,125,119,132,134,135,128
133,116,127,128,135,127,133,130,116,138,126,114,123,127,119,130,128,128,122,125,135,133,138,140,125,136,100,118,119,131,134,136,153,129,121,128
133,127,132,128,128,121,124,136,128,120,114,114,124,127,134,140,127,135,127,127,137,128,132,139,132,134,133,129,117,127,128,125,124,121,143,129
124,128,137,114,122,127,127,129,122,144,126,125,122,126,119,126,133,122,133,130,126,142,127,130,128,133,130,136,130,124,112,116,119,130,119,127
124,128,127,128,116,130,134,125,124,125,133,125,141,135,122,141,115,127,124,128,141,129,130,130,130,122,134,121,124,132,116,128,107,123,128,127
126,136,128,126,118,120,129,124,127,125,119,119,125,128,127,144,123,142,126,128,136,136,139,111,135,139,122,131,130,129,128,122,126,134,117,133
121,126,126,145,101,130,124,128,120,122,142,120,138,124,139,118,118,130,126,137,141,130,125,133,115,128,126,132,140,116,135,125,114,115,128,133
131,122,124,139,152,139,129,117,129,138,121,122,123,130,141,115,126,132,128,111,133,125,119,129,128,142,135,121,122,128,126,116,136,130,128,122
136,125,134,129,125,126,131,136,122,135,127,127,119,126,140,136,132,119,134,125,125,113,128,132,129,134,131,118,126,128,122,129,130,133,136,125
117,127,132,125,132,135,131,138,121,128,108,120,132,128,120,143,116,116,121,124,128,125,116,139,116,133,114,125,116,127,130,126,130,122,127,127
132,126,114,119,114,127,133,136,128,151,125,128,127,123,133,125,145,134,124,128,130,122,145,130,122,128,130,143,141,126,129,132,138,133,129,123
132,128,140,130,139,119,130,135,131,142,125,133,131,133,122,132,128,122,127,125,128,126,112,135,125,134,128,125,119,128,142,131,138,130,124,130
125,119,126,124,129,132,128,125,125,118,126,128,122,127,131,134,131,119,132,119,138,110,126,129,128,147,132,133,122,123,130,121,138,117,127,124
124,126,148,140,136,145,125,128,132,113,124,151,128,132,128,128,124,133,124,125,135,124,133,114,126,129,136,149,117,126,119,138,127,118,130,122
129,128,131,147,132,114,129,123,127,138,128,147,124,128,121,125,110,138,129,125,122,116,128,124,134,134,125,133,118,122,133,130,130,130,125,125
116,130,132,128,146,137,135,117,122,128,136,143,119,116,132,127,120,121,124,123,139,117,117,126,135,138,110,145,148,128,116,128,127,119,135,117
134,127,117,133,145,128,125,113,125,126,134,122,126,129,125,118,131,131,140,127,139,141,110,117,123,125,127,128,129,143,139,124,122,130,132,128
123,127,122,139,133,134,133,116,127,118,128,126,128,130,134,135,117,119,123,125,127,124,143,132,126,130,134,121,127,136,125,109,119,133,129,128
115,131,123,122,119,129,128,123,115,121,122,130,128,128,127,132,116,138,119,125,122,123,131,116,128,126,124,121,121,141,128,145,116,124,113,120
125,137,130,131,122,132,128,136,131,135,132,114,129,132,139,137,144,114,125,120,128,120,134,128,134,119,111,125,118,127,125,128,131,125,124,133
117,135,130,139,135,135,133,126,123,128,142,122,133,124,123,127,116,127,128,133,114,129,117,122,127,118,127,127,133,118,132,121,131,123,125,133
126,127,125,130,115,128,123,126,119,139,142,113,133,127,128,127,125,130,127,135,122,138,118,134,133,128,130,132,134,127,128,109,136,130,131,135
129,124,125,129,126,141,122,128,143,131,116,120,133,128,133,108,138,125,125,128,128,119,128,132,119,127,138,131,132,133,119,116,119,137,118,125
128,113,125,124,125,134,128,127,124,101,131,133,110,123,142,109,135,125,122,122,129,130,132,109,140,131,132,135,138,124,133,125,134,117,129,130
141,133,120,136,126,121,127,133,122,127,120,123,122,126,139,126,134,133,128,125,133,134,124,133,124,134,117,120,127,130,122,119,133,125,129,128
137,125,132,122,128,146,127,133,124,135,118,130,130,127,135,119,135,123,126,129,125,148,130,130,133,136,126,128,129,130,127,118,121,131,127,136
133,122,120,129,114,141,128,128,123,134,139,120,131,126,130,134,147,122,128,128,124,146,121,128,108,103,115,115,122,129,126,134,128,128,124,124
127,125,131,137,116,128,123,127,121,124,125,131,129,134,124,121,129,129,130,131,141,126,115,145,120,119,123,134,140,124,113,118,118,131,134,116
125,133,139,119,150,111,128,127,128,112,125,128,129,131,128,128,116,139,131,128,138,122,123,129,125,128,122,129,130,115,112,128,127,127,142,128
124,134,124,122,139,121,136,114,147,123,126,133,126,137,116,122,122,129,113,126,142,115,120,113,126,121,124,129,129,135,118,128,129,133,139,128
120,140,120,119,123,119,129,125,129,124,116,131,131,124,140,137,128,133,126,124,130,144,117,128,126,120,124,131,136,125,129,137,130,129,121,135
123,136,135,138,130,130,125,133,133,116,144,123,126,117,109,118,120,125,119,125,120,116,133,121,129,112,125,143,132,130,132,131,117,123,122,123
135,135,118,128,118,135,129,128,129,128,127,121,132,118,128,136,115,128,125,131,125,122,121,125,133,125,107,124,137,127,127,136,138,144,125,125
128,136,124,124,128,130,123,138,121,131,141,116,133,126,130,119,126,125,117,127,131,127,124,130,120,121,143,129,129,116,139,128,110,131,126,141
121,121,134,110,133,129,125,132,126,120,123,134,134,125,127,148,107,123,133,126,123,133,129,147,121,133,132,121,138,118,127,120,130,117,130,125
133,129,138,126,110,112,126,118,128,128,128,136,126,124,142,140,124,129,128,124,135,130,128,134,116,140,129,113,132,129,130,113,116,117,132,136
139,125,126,114,128,127,130,131,136,141,146,131,137,133,111,117,149,133,124,134,122,129,146,142,107,141,136,117,122,114,140,121,145,110,127,128
130,128,136,127,129,116,134,134,129,136,122,120,118,120,127,111,136,116,125,121,127,117,125,136,122,137,133,120,115,135,123,118,143,122,133,124
130,138,132,131,115,118,135,133,132,127,126,135,125,125,118,121,128,130,131,128,133,121,131,150,127,133,135,125,114,123,124,135,130,112,126,136
136,128,139,134,118,124,129,124,132,135,139,130,125,124,111,128,143,130,130,131,125,127,110,135,116,146,129,128,128,129,119,115,135,129,126,122
141,137,128,127,104,128,114,125,114,136,120,135,123,133,132,138,130,126,125,129,137,125,135,124,128,124,126,138,125,130,130,128,123,125,130,127
123,127,134,128,130,117,122,124,128,113,127,124,130,121,139,125,147,124,120,121,128,116,115,122,125,128,111,133,125,128,122,149,118,124,134,127
119,125,130,140,122,122,135,125,126,131,134,140,139,140,107,129,132,118,125,130,139,139,127,116,127,116,117,135,117,140,116,120,134,135,126,127
124,122,126,130,134,141,133,123,130,132,126,116,128,138,136,130,124,116,120,126,132,119,118,142,133,127,134,124,121,126,136,136,125,122,123,137
126,130,116,128,116,134,122,127,129,133,130,132,131,113,135,128,122,134,125,130,132,116,124,139,139,128,142,118,138,131,117,131,132,140,118,122
130,139,136,128,112,127,128,124,131,123,136,132,133,125,130,120,131,129,131,128,119,130,133,125,131,123,130,114,125,120,135,129,127,117,124,135
128,128,126,133,113,113,120,135,126,107,134,119,135,118,133,124,112,150,126,139,123,122,123,119,123,132,142,124,124,126,116,128,139,110,118,133
128,109,133,128,133,133,127,134,127,135,122,124,128,122,136,125,135,122,126,131,123,126,130,123,127,128,130,119,136,125,127,133,115,130,124,135
130,125,134,119,118,127,134,130,130,114,116,121,127,125,130,119,132,132,133,125,121,125,110,130,124,133,128,131,117,124,113,128,125,124,133,121
136,128,130,135,133,130,135,129,128,142,120,128,126,129,128,133,137,126,133,131,107,125,137,127,128,128,134,119,120,131,132,122,140,125,132,122
135,128,122,126,120,141,130,122,128,137,140,139,127,121,111,132,130,131,130,119,130,127,113,120,121,131,116,119,110,131,124,121,130,127,129,124
119,129,122,118,135,135,133,125,127,110,120,131,129,135,128,139,124,132,128,129,136,123,145,128,125,129,124,115,126,142,137,125,129,119,118,120
129,130,123,125,139,134,125,128,126,138,129,134,129,131,131,143,125,128,121,127,119,132,130,120,137,118,139,100,142,135,125,131,125,126,128,131
125,143,138,126,126,125,126,128,138,137,133,110,131,122,123,131,133,125,135,113,126,133,125,130,109,128,128,125,136,130,136,117,122,128,128,129
119,122,113,121,118,128,125,148,119,124,135,132,126,128,126,137,136,117,128,136,125,133,132,134,116,131,127,122,126,126,125,131,127,123,117,116
133,129,119,125,122,126,131,133,122,135,117,133,120,125,137,125,131,128,122,127,135,129,128,139,129,136,127,116,128,129,134,139,142,125,130,126
133,128,125,119,124,122,125,126,125,131,133,128,125,131,126,117,125,133,136,130,128,130,122,134,126,123,121,125,137,132,126,129,128,126,140,136
128,122,127,121,137,125,143,121,118,118,119,130,131,135,127,124,119,132,122,130,134,128,137,110,125,127,113,131,122,128,114,142,123,146,121,126
125,132,123,120,133,138,127,130,133,122,124,142,128,125,114,129,120,142,131,128,123,128,132,135,135,127,125,118,135,129,101,125,130,138,129,131
125,137,130,141,125,101,123,125,121,136,122,110,130,124,133,128,122,131,130,132,127,112,116,122,131,127,131,131,138,125,125,121,125,132,129,145
132,128,123,138,147,119,135,127,121,139,119,117,128,120,151,123,136,114,127,127,137,118,136,138,129,134,105,115,132,116,128,125,116,126,125,123
135,123,121,127,135,110,129,133,122,123,129,122,124,126,124,135,128,117,130,126,126,122,123,130,128,137,124,141,125,120,123,122,140,125,129,121
128,124,131,125,144,122,130,125,128,142,116,120,125,127,122,124,125,122,132,118,136,117,121,129,133,133,134,127,125,131,114,128,125,130,132,127
123,119,146,130,137,130,132,126,122,125,138,133,121,133,131,130,132,110,126,132,128,133,136,131,127,134,127,130,120,131,128,143,142,133,123,130
129,128,118,130,121,122,127,122,128,134,130,126,131,119,128,130,113,139,124,132,122,140,128,130,133,128,127,129,127,129,122,125,127,142,121,132
128,136,123,124,131,139,123,130,132,137,135,132,132,119,129,122,126,125,119,129,136,133,129,119,134,137,133,129,135,121,111,122,117,131,124,128
124,132,103,141,147,131,129,132,134,127,120,145,128,137,126,131,136,128,118,118,129,137,149,142,125,151,145,108,121,128,117,141,133,122,124,128
131,127,126,116,127,139,128,129,109,135,115,124,130,125,145,127,134,130,126,123,136,124,119,133,126,131,124,113,121,116,126,124,131,125,119,119
130,128,131,126,121,123,143,141,126,130,128,129,123,128,128,119,132,127,133,126,128,132,122,133,126,134,139,139,127,128,145,125,127,118,127,124
136,126,140,122,108,125,128,128,135,141,125,131,128,131,129,120,133,126,133,129,127,140,127,134,126,131,139,139,117,125,130,133,129,126,125,123
136,124,132,117,137,125,125,132,128,125,136,123,122,132,137,131,128,124,128,133,133,114,148,117,130,124,128,137,113,139,112,119,121,128,125,124
124,130,127,122,123,121,124,115,133,121,126,127,128,138,119,119,139,128,126,122,132,132,140,125,128,129,129,144,124,133,130,120,128,127,129,133
120,123,132,131,126,122,129,125,136,119,139,144,128,132,121,129,119,127,125,129,143,128,145,125,133,115,126,121,116,132,116,128,136,142,123,122
127,126,142,131,124,116,143,128,126,113,136,116,126,135,123,134,134,126,136,136,142,127,118,129,148,127,136,121,126,122,130,127,119,145,128,133
126,128,122,148,124,114,129,127,132,125,131,112,129,123,128,123,125,135,125,134,130,130,119,127,130,128,142,114,119,116,130,122,113,130,115,130
123,133,128,138,130,111,136,128,122,124,130,121,128,122,129,126,114,144,128,133,118,133,118,133,127,133,130,122,132,126,128,118,137,123,125,133
125,128,132,131,126,138,121,125,118,133,125,115,128,131,127,116,134,121,128,146,111,137,136,128,122,126,136,125,125,132,138,136,134,132,131,124
128,128,125,124,121,123,130,128,127,134,123,122,128,128,130,145,138,128,129,122,115,127,128,125,125,128,123,130,133,122,129,128,133,139,134,122
137,125,134,128,124,136,116,129,122,122,121,128,124,132,136,118,139,127,133,122,114,136,121,125,125,150,139,125,125,123,143,129,127,115,130,127
134,126,135,130,132,136,132,124,127,133,127,141,133,128,128,131,129,114,132,128,133,120,133,133,128,132,123,128,116,141,126,121,113,110,135,128
122,127,134,139,150,140,127,130,139,122,130,103,129,130,133,129,134,119,115,122,133,120,133,135,122,113,128,137,132,140,125,124,123,127,134,126
131,134,119,136,124,119,132,133,126,113,131,112,131,123,134,116,123,131,121,123,133,122,137,108,136,120,126,133,128,124,125,136,135,140,125,130
123,135,125,135,119,134,120,128,124,128,139,121,133,127,130,120,135,125,131,133,137,122,121,144,128,122,125,110,142,130,133,125,133,146,123,139
127,130,133,134,128,135,132,137,134,135,125,129,136,128,136,125,133,133,126,137,124,139,130,113,118,129,133,137,130,127,133,117,137,125,121,127
138,131,122,121,111,128,115,142,122,138,122,123,116,129,127,137,121,120,133,122,128,123,117,130,125,143,117,135,128,126,131,123,117,121,126,128
126,125,129,121,114,118,128,128,128,155,114,130,126,130,132,120,109,133,133,120,116,130,125,139,128,136,134,130,119,134,122,130,130,128,134,128
130,129,130,119,109,118,127,117,139,115,117,142,124,120,128,128,121,133,133,127,128,111,130,114,121,127,128,128,116,133,133,128,133,131,124,127
121,126,129,138,135,124,136,114,125,130,128,131,129,131,121,124,126,123,114,133,130,128,139,113,123,137,110,139,124,135,129,124,121,130,120,122
122,128,127,128,144,128,130,128,127,127,127,136,123,129,122,134,131,127,115,128,135,133,145,117,134,122,116,124,119,122,122,133,119,136,130,126
121,133,122,139,138,138,129,128,130,125,126,129,128,117,129,146,127,136,118,127,119,140,130,132,133,131,123,119,139,126,133,123,116,148,127,125
119,129,124,137,115,126,127,128,135,144,118,145,117,126,141,107,125,123,122,130,133,151,116,132,122,118,102,131,125,124,134,136,127,113,133,135
132,127,127,128,113,114,128,130,126,150,118,139,127,125,128,133,143,120,130,125,123,142,123,133,125,121,122,126,120,128,126,125,144,123,128,128
138,124,123,134,128,122,131,134,116,142,129,130,125,128,112,120,135,119,133,128,126,130,114,113,126,137,136,122,127,124,122,128,139,124,140,123
125,128,136,122,120,129,132,122,124,122,136,142,130,133,110,131,125,123,133,128,137,130,126,119,133,114,120,125,132,140,125,139,104,126,128,127
123,127,119,143,131,146,132,132,124,117,144,129,121,128,130,139,118,126,127,124,135,129,134,127,129,139,114,134,125,124,129,122,140,122,115,128
124,133,121,123,104,110,128,119,148,137,128,119,124,124,129,137,124,141,121,131,133,127,119,126,134,124,134,113,128,132,124,115,130,123,123,128
125,136,136,130,110,127,121,138,115,124,135,144,135,126,134,125,133,140,125,134,128,121,142,126,126,130,133,122,119,124,128,132,137,156,130,130
127,117,116,132,119,147,123,128,116,125,114,125,128,128,146,123,128,128,141,128,132,140,128,128,124,137,121,123,130,125,143,127,134,117,123,126
126,125,127,119,114,112,138,125,118,119,142,127,127,128,126,132,127,129,134,129,133,118,119,132,126,123,111,124,118,133,126,117,141,109,120,124
138,128,128,126,110,124,128,126,121,143,119,122,122,129,119,125,134,130,125,127,135,122,112,125,120,136,112,136,118,127,125,121,117,139,142,127
130,125,136,135,132,124,120,120,128,149,121,111,130,117,125,127,128,123,112,126,133,145,126,118,128,115,125,143,127,135,127,137,116,133,123,136
124,129,117,128,125,120,134,126,131,135,135,116,127,128,133,141,115,125,116,127,139,122,116,121,134,127,122,122,134,139,128,136,143,125,118,127
128,135,119,127,116,137,126,120,130,134,120,126,125,119,127,148,131,140,125,122,118,132,125,127,128,128,130,113,128,133,130,130,139,125,122,127
117,141,131,127,129,136,116,128,122,136,126,135,132,116,123,128,128,139,131,133,126,133,127,130,128,137,129,125,125,121,129,132,126,130,120,137
122,129,122,124,133,142,126,135,116,131,120,127,132,122,125,131,132,122,125,134,128,137,123,129,114,124,128,132,130,133,128,114,121,128,122,127
132,120,132,116,125,139,118,138,125,116,122,142,121,121,125,125,154,119,128,124,139,122,132,132,125,119,132,128,119,121,134,113,129,123,124,133
136,128,122,121,125,133,133,132,113,142,120,125,128,120,122,132,144,133,127,128,142,126,141,128,119,122,128,118,125,120,126,126,156,120,130,135
132,131,120,128,126,138,128,122,117,128,128,116,130,134,125,113,120,115,125,127,129,139,134,132,125,125,132,127,128,131,130,138,120,118,132,129
119,113,123,121,130,137,134,123,136,135,111,119,123,127,130,122,121,127,120,128,126,125,125,139,133,121,136,126,131,124,130,131,126,135,121,127
112,134,125,128,124,124,132,120,126,128,128,130,129,128,133,154,112,127,119,128,129,134,122,149,137,131,130,114,129,128,119,129,119,128,128,130
125,134,124,142,113,139,121,130,131,117,138,132,126,124,121,122,122,128,130,118,126,135,128,130,124,128,138,129,125,128,128,112,136,119,129,125
138,116,132,125,123,120,119,135,127,128,129,125,133,128,113,135,128,126,128,127,117,147,137,131,120,136,137,127,119,133,133,141,131,110,130,123
139,128,120,136,135,130,134,131,128,124,138,143,127,128,116,123,134,143,129,124,141,112,126,124,128,128,121,135,121,128,113,122,123,117,136,122
123,125,140,125,118,110,133,125,129,134,129,126,127,132,121,134,123,132,130,133,140,116,135,139,115,130,120,121,129,134,128,131,116,138,122,128
116,132,128,125,123,115,139,123,127,123,122,120,127,125,126,119,124,133,125,127,122,128,125,119,128,115,122,121,122,123,136,127,128,145,108,133
117,120,119,128,135,129,123,128,128,130,141,115,133,136,131,131,133,130,127,130,131,128,114,113,133,134,138,131,148,128,126,139,128,121,124,126
125,132,121,125,140,122,122,118,128,128,125,116,141,131,122,134,136,127,128,132,130,131,126,145,125,122,128,128,131,120,132,131,129,125,126,139
131,119,133,122,124,135,119,128,125,142,111,140,128,124,142,130,128,121,127,127,134,122,116,140,120,123,115,116,134,123,126,135,141,114,119,130
134,128,121,122,121,119,129,136,124,135,112,136,123,130,130,114,132,128,129,130,133,126,123,146,120,139,130,130,103,120,135,129,121,116,137,120
133,128,139,125,128,125,126,130,116,137,120,129,125,123,126,121,133,133,132,127,134,131,119,133,128,142,116,142,113,115,116,124,122,125,137,130
121,127,117,130,126,135,125,117,127,128,113,151,145,132,124,114,119,122,113,127,132,136,131,124,123,129,126,118,127,128,126,139,124,139,124,130
129,134,124,122,114,125,136,126,137,130,131,123,128,119,126,125,133,131,129,128,130,123,131,122,125,122,124,132,125,128,139,125,115,122,125,124
124,137,134,139,122,131,131,117,121,130,116,136,139,122,120,113,119,140,129,136,127,140,123,120,129,116,133,121,125,129,116,132,123,138,126,128
129,124,130,122,126,142,127,121,119,128,119,130,139,128,121,111,132,137,121,137,129,127,131,123,140,131,141,119,134,125,130,136,115,120,125,122
128,125,127,113,131,110,127,133,139,123,123,122,127,131,128,135,128,117,124,128,137,113,133,128,135,126,128,115,122,136,122,120,126,129,133,126
122,125,139,126,130,120,125,121,124,131,115,138,126,130,118,118,117,116,137,122,129,125,133,119,126,134,130,139,124,128,136,120,112,138,120,122
117,135,124,130,124,121,131,120,116,130,135,135,124,145,125,123,128,128,138,128,119,134,124,119,122,122,134,123,128,140,130,147,132,129,135,126
138,128,129,128,135,118,127,127,135,139,122,116,128,128,128,137,139,131,122,137,125,122,117,123,138,120,110,110,125,128,131,129,129,135,128,123
116,129,128,145,135,122,125,129,120,132,129,128,125,125,135,122,132,122,129,133,119,134,122,127,118,134,135,120,122,127,133,119,120,122,122,128
130,119,144,138,118,135,124,132,118,119,129,110,135,115,134,132,128,126,134,127,115,130,136,122,126,142,119,128,139,125,132,115,124,116,135,130
130,127,124,126,125,136,132,133,136,145,112,139,117,128,136,122,130,131,139,124,129,132,115,125,128,144,129,121,124,130,128,126,131,130,122,129
116,128,135,130,123,109,130,119,122,135,124,134,126,140,130,123,116,134,126,125,145,128,126,121,125,128,128,137,132,138,122,119,115,123,125,127
125,126,138,125,146,112,133,132,133,127,131,121,127,134,128,128,136,140,128,123,131,136,120,135,104,122,140,141,130,128,137,135,142,127,122,123
128,123,129,141,122,126,128,124,119,125,134,152,127,128,118,142,118,128,131,122,123,126,136,119,123,130,133,140,130,122,122,119,126,137,134,128
132,128,127,125,124,127,132,131,130,122,122,132,123,125,122,124,132,114,128,123,131,129,127,128,121,135,113,135,130,122,126,121,143,129,122,121
136,131,142,136,126,119,129,119,127,132,127,112,122,128,138,120,141,127,129,126,119,132,122,123,139,140,136,121,113,129,146,132,139,137,117,127
133,126,128,119,135,119,123,129,115,125,121,119,129,130,134,122,130,132,126,128,138,130,141,130,131,126,125,121,122,137,149,116,113,132,129,123
133,135,138,120,125,118,122,126,132,145,132,121,125,128,107,128,123,129,131,126,142,120,133,123,128,132,133,120,128,133,119,134,133,129,143,131
121,130,135,125,136,119,128,122,118,123,129,133,126,120,130,121,125,133,136,128,128,122,117,128,128,141,133,120,119,125,129,130,135,127,127,128
120,128,132,142,137,124,133,128,124,131,115,129,128,128,128,131,127,130,127,127,128,138,137,131,125,127,129,149,122,134,128,122,111,130,128,123
122,127,128,137,133,133,132,130,124,123,125,134,126,122,135,138,116,132,128,128,130,133,141,126,130,126,115,119,130,139,128,151,129,124,118,128
123,128,128,128,120,112,133,135,127,117,136,143,124,112,131,144,121,141,126,130,114,121,113,125,134,127,119,109,135,122,123,130,120,128,116,128
125,139,125,128,142,131,119,129,120,129,150,114,132,119,138,125,121,143,121,132,119,145,116,141,135,128,123,129,124,130,121,126,123,134,110,128
128,136,130,142,111,130,129,132,126,131,139,132,134,130,122,128,116,133,127,140,134,124,119,142,107,122,151,129,120,127,119,125,104,130,126,128
136,117,126,119,142,145,117,129,126,130,127,130,130,117,126,128,138,116,119,126,131,138,136,136,128,128,113,138,128,130,135,121,122,127,133,127
132,126,107,128,121,136,128,138,131,119,119,120,125,130,119,124,138,116,130,124,133,120,123,132,149,125,128,126,123,141,139,137,113,129,125,133
117,122,119,133,106,145,122,127,136,127,116,126,123,134,128,128,125,130,134,122,136,135,129,136,119,122,109,138,128,112,131,146,128,127,126,132
139,124,125,128,128,135,133,135,114,125,130,132,128,126,135,137,117,122,128,122,122,127,141,137,117,131,137,119,128,122,144,128,130,133,133,125
133,127,130,136,124,128,127,140,126,122,130,134,127,132,127,136,130,124,128,125,129,144,132,122,124,128,110,134,123,129,133,137,135,124,125,125
136,124,133,122,122,131,119,135,119,132,134,136,128,126,121,126,133,122,125,119,136,130,128,128,131,141,107,116,125,126,146,121,125,136,128,126
137,142,127,119,111,116,128,122,130,118,125,141,123,126,112,126,129,130,136,125,144,122,125,123,129,122,117,142,126,125,123,128,128,124,129,125
114,128,129,130,116,124,130,115,125,136,121,141,125,128,113,144,128,145,130,122,121,110,133,127,138,142,128,134,135,124,128,116,129,124,128,127
129,128,130,127,114,113,128,124,125,128,132,137,120,134,115,134,117,128,127,115,136,125,136,114,133,139,135,148,132,118,134,122,114,140,128,129
125,128,130,129,118,143,135,127,132,126,114,114,128,139,153,133,129,124,124,129,116,128,142,127,136,106,132,104,128,126,133,134,128,120,120,131
122,133,124,145,118,129,121,128,125,120,144,128,124,128,132,137,146,142,127,126,120,130,134,125,128,119,137,125,125,124,127,127,119,126,120,125
122,143,123,120,126,119,124,130,136,124,121,126,124,116,135,121,127,126,124,129,122,135,128,129,134,133,133,125,125,114,143,152,125,122,125,120
122,124,124,128,121,127,134,129,131,122,143,128,131,126,136,135,122,141,127,139,124,113,123,124,140,131,134,142,127,129,141,119,111,130,133,130
124,125,125,133,110,137,113,133,126,134,116,136,142,128,136,104,130,129,125,135,126,127,120,147,110,125,142,118,137,128,133,128,135,122,122,132
112,126,127,133,131,133,120,141,120,106,131,125,137,121,142,131,137,123,127,122,130,125,114,132,127,128,125,139,131,130,148,116,130,126,125,131
134,124,138,125,121,129,125,139,125,119,125,143,126,130,147,138,131,128,123,125,125,141,127,135,138,125,136,134,121,134,119,127,130,117,131,131
129,128,130,114,123,136,122,134,120,129,125,122,125,128,127,124,126,128,128,125,136,130,136,129,126,133,114,132,127,132,133,120,130,128,130,128
131,130,147,128,130,126,130,128,133,129,131,120,125,140,138,132,145,114,122,113,137,136,128,145,121,147,108,123,139,128,136,120,139,125,133,136
139,117,122,139,142,124,123,130,129,135,116,122,118,127,125,130,134,131,130,134,128,122,136,140,128,135,124,129,116,133,127,139,132,127,133,124
123,125,142,133,126,111,129,115,124,126,128,136,127,133,127,118,118,122,124,127,129,134,125,125,128,126,118,113,119,135,128,142,119,111,128,124
142,128,133,121,111,130,127,128,114,131,130,143,122,130,121,127,148,132,131,137,133,121,120,116,133,136,123,132,127,125,130,114,112,135,124,128
125,131,129,142,127,105,127,126,131,115,123,137,125,142,125,139,111,128,134,119,134,128,129,122,129,133,115,116,132,130,125,117,134,124,130,128
125,128,140,129,133,132,122,126,128,139,135,141,131,130,117,127,149,122,128,134,124,123,118,128,124,125,119,115,139,137,127,116,134,125,128,132
126,135,125,134,126,121,140,119,126,122,119,131,126,130,126,139,122,130,136,122,136,117,123,122,122,119,126,119,130,133,129,132,118,130,126,127
125,128,109,144,113,131,130,128,146,128,117,123,129,128,138,142,114,130,122,129,117,138,145,123,140,126,120,131,126,128,126,143,123,136,128,136
125,134,136,137,125,124,125,125,131,132,133,142,129,121,132,130,117,134,122,130,112,124,119,137,140,125,125,119,128,132,133,126,136,118,122,133
123,125,116,130,138,137,129,118,115,124,141,130,131,127,138,114,128,127,128,135,119,129,139,126,129,129,143,116,135,123,129,136,133,119,128,127
121,119,123,125,113,143,117,135,123,127,121,124,135,126,136,133,128,119,121,133,136,146,113,142,120,127,135,122,136,128,130,117,127,128,134,139
129,119,125,113,141,122,128,125,122,131,136,135,117,127,120,130,116,140,127,134,123,133,122,122,113,146,125,102,126,133,122,139,128,135,125,128
123,135,123,130,101,130,125,122,125,127,122,128,123,129,132,113,112,128,134,132,129,122,122,125,123,145,132,114,122,133,104,129,127,133,132,128
128,130,133,127,125,117,128,129,128,135,125,129,120,128,122,137,150,123,130,128,133,122,125,122,125,138,128,129,123,130,111,130,147,131,132,125
137,123,137,124,127,117,124,125,128,146,128,130,123,123,126,127,128,124,132,126,135,115,127,117,121,128,128,131,133,119,125,131,127,133,130,121
116,131,132,122,128,119,128,128,119,135,110,139,126,121,128,124,125,134,135,130,137,124,145,130,123,120,125,121,122,128,122,129,116,132,130,128
119,130,137,132,135,124,136,105,129,129,131,136,125,130,127,140,125,138,134,125,123,126,144,121,139,134,125,116,132,131,127,134,120,116,113,130
132,133,123,126,113,133,137,130,128,130,127,122,127,128,128,133,113,129,123,122,137,110,133,119,133,129,117,128,122,128,120,128,115,130,126,129
122,131,127,135,113,114,128,128,131,132,119,122,125,128,124,129,126,122,119,128,126,114,126,135,129,126,117,115,120,126,115,152,114,120,123,130
128,127,127,138,109,136,123,128,126,136,139,134,124,129,139,117,132,119,128,133,128,116,116,125,124,133,128,126,121,124,134,114,113,119,121,137
126,120,125,145,135,147,121,128,131,133,122,128,132,126,127,124,125,136,128,126,126,130,120,133,129,127,137,128,133,122,136,129,124,113,129,128
134,114,124,119,126,140,120,135,129,117,122,139,128,131,125,113,138,132,127,116,123,122,126,128,128,125,124,123,119,125,134,136,131,137,126,127
126,120,133,122,128,120,133,142,127,139,125,132,113,126,129,128,144,136,136,128,134,120,126,122,123,128,124,141,129,123,128,117,143,142,131,134
119,129,128,128,143,111,128,119,122,120,130,135,128,134,128,149,117,122,142,118,133,119,130,120,128,127,126,132,129,121,143,133,126,117,127,121
134,128,120,128,141,139,135,121,122,108,141,129,125,133,122,135,124,128,123,127,134,121,130,121,121,110,118,126,148,132,138,124,110,122,128,120
123,130,119,126,136,136,135,127,128,116,111,107,128,123,129,121,128,119,121,123,150,145,114,125,131,143,132,116,128,131,116,120,134,123,125,129
128,139,131,127,109,136,128,128,128,128,134,137,130,119,128,120,132,130,122,123,119,126,127,132,128,140,124,126,127,119,128,110,140,134,125,133
115,125,128,141,139,131,126,124,121,144,138,133,139,120,129,133,137,124,125,140,125,132,116,130,116,133,130,123,136,123,134,132,117,113,121,128
131,127,124,125,115,128,124,130,127,137,124,119,130,121,137,135,134,129,129,126,124,131,120,133,114,145,127,121,128,125,142,133,142,132,115,122
116,127,128,120,113,118,129,128,119,130,128,121,123,130,126,129,131,116,130,132,138,114,141,133,120,131,130,123,124,124,125,130,113,125,129,132
123,132,125,135,136,128,133,117,128,115,136,128,124,137,120,137,128,121,134,126,133,118,119,142,126,121,126,122,130,131,127,127,129,126,123,124
128,128,123,135,134,114,131,121,116,127,127,134,127,127,122,135,114,123,119,124,125,124,133,131,128,128,131,113,134,142,133,135,131,139,121,128
130,125,125,125,116,132,128,125,131,133,116,123,128,123,132,119,114,135,129,127,138,136,118,122,124,125,135,122,126,118,138,136,119,139,128,136
127,126,128,127,121,137,125,127,121,121,122,144,134,129,124,124,118,133,125,132,125,129,130,128,133,124,132,114,141,121,134,136,135,123,121,129
132,113,139,120,114,144,125,122,110,130,124,112,125,130,139,130,123,116,130,122,126,129,130,131,125,131,134,122,123,131,125,128,134,119,128,123
130,128,130,125,122,131,125,131,120,130,141,131,128,129,134,118,131,121,131,128,135,131,134,142,121,128,125,125,121,128,116,140,120,133,135,128
125,129,128,125,138,109,132,128,121,105,117,130,126,132,125,142,120,120,129,125,137,130,136,116,122,123,140,118,133,128,118,125,120,144,119,128
128,130,130,137,118,133,138,117,133,127,133,109,126,133,135,133,109,133,120,127,130,129,139,124,126,125,122,131,125,142,138,128,132,134,125,128
121,132,130,125,122,134,136,126,131,126,116,130,122,128,139,139,128,126,126,127,117,128,136,139,142,134,114,120,118,130,128,130,136,132,133,127
132,130,122,139,119,141,128,138,127,123,124,127,132,125,133,109,124,118,127,142,130,125,119,138,119,133,123,123,122,128,133,107,142,122,127,131
129,120,128,130,116,126,127,136,130,111,125,118,140,128,140,125,134,113,122,133,131,126,122,133,132,127,124,120,136,136,137,126,135,108,128,128
134,128,135,125,129,123,128,133,125,127,116,141,120,124,126,115,125,132,122,114,145,122,131,142,128,132,126,133,125,123,123,130,140,129,131,126
135,128,143,133,111,131,130,118,127,140,118,123,126,122,116,124,114,139,131,128,149,133,128,122,119,133,145,120,128,136,117,133,112,130,130,126
126,129,120,122,128,125,134,126,128,114,122,130,130,128,140,128,119,116,117,128,110,125,141,118,128,122,128,119,128,139,130,146,134,142,125,128
123,132,129,122,131,131,134,130,139,120,131,109,128,128,119,134,116,148,125,128,128,129,134,128,135,136,127,129,132,122,125,123,116,138,126,126
115,131,125,112,117,131,120,128,130,118,146,118,131,126,126,150,130,141,125,124,110,129,128,127,128,122,120,116,129,118,135,124,128,138,130,134
123,120,126,126,109,131,126,128,112,119,127,133,133,129,145,124,125,139,122,146,123,126,128,126,116,128,122,128,128,123,126,113,136,128,120,132
126,122,135,124,107,133,128,138,115,124,124,123,124,123,140,105,116,124,118,133,110,140,125,130,124,121,128,133,130,130,117,123,137,131,133,132
130,120,122,126,128,136,128,135,142,131,114,128,122,128,123,121,130,136,125,124,133,140,127,137,121,124,138,115,125,129,116,141,125,139,128,129
131,128,116,116,126,102,130,119,128,125,135,132,131,128,127,133,121,126,127,121,133,112,121,121,128,110,123,135,132,120,125,131,125,119,126,132
126,128,120,132,139,132,132,126,128,123,133,130,134,129,110,128,112,128,121,126,130,147,143,128,133,126,119,115,137,141,123,125,113,124,126,124
125,134,135,137,121,128,125,127,136,120,139,135,128,130,130,135,125,128,130,126,114,134,119,122,132,128,142,118,138,123,120,126,130,129,126,124
126,136,116,140,112,125,119,127,136,124,142,131,128,139,118,123,113,122,123,131,120,135,124,123,122,133,116,135,128,128,126,105,122,123,125,125
122,119,125,125,125,136,128,132,125,125,110,122,125,127,136,128,122,128,128,128,132,120,128,125,128,122,119,122,121,127,144,109,125,126,125,123
136,120,132,125,124,143,137,122,129,144,119,141,133,119,126,120,130,144,131,116,133,128,139,143,120,123,106,124,119,127,120,128,136,122,127,120
140,128,134,130,111,118,123,122,116,130,117,142,134,126,119,128,153,136,139,122,127,117,121,131,119,135,131,117,124,120,121,116,115,136,126,132
120,123,131,131,123,133,138,125,123,130,126,137,128,135,113,108,110,121,129,127,136,125,141,130,130,115,126,130,122,124,118,118,125,138,132,124
125,129,124,128,124,142,133,121,121,127,138,130,119,126,125,134,136,126,119,122,142,130,122,130,131,125,135,117,130,134,117,136,126,122,134,132
119,123,114,130,139,122,135,128,133,121,141,118,138,129,146,131,127,138,124,128,135,133,144,115,125,124,125,119,121,137,128,145,120,124,118,123
128,130,119,125,124,125,122,128,126,135,139,130,122,122,129,104,128,121,124,128,123,122,127,132,133,142,120,121,124,133,130,123,122,126,125,130
127,123,125,149,125,137,123,129,133,134,142,141,137,122,124,121,139,140,129,133,127,127,130,116,125,134,145,123,127,125,122,119,127,133,130,139
127,123,125,133,123,125,128,130,119,124,130,133,128,124,142,123,128,121,127,132,111,149,124,121,123,135,131,124,136,123,139,129,138,133,113,125
137,125,136,110,117,142,119,133,116,115,131,126,133,140,132,113,122,120,128,128,128,132,120,128,135,129,122,136,125,122,130,121,141,126,131,127
124,128,133,130,126,119,136,124,133,140,129,133,119,133,123,126,133,142,124,125,126,110,124,128,123,131,129,131,127,128,112,128,137,136,137,121
120,128,139,129,135,131,130,114,119,143,137,146,133,136,118,118,120,131,131,130,121,137,129,124,129,121,128,118,139,127,128,128,129,130,123,127
125,114,111,129,138,119,133,122,132,113,119,121,122,131,110,140,130,128,122,125,136,130,130,124,130,138,135,129,134,109,125,133,120,154,120,129
130,135,128,133,136,125,131,135,126,139,139,119,122,127,127,124,143,145,129,137,134,123,130,127,135,129,136,110,128,122,134,128,139,141,117,133
139,125,120,141,120,137,121,131,122,136,130,128,140,128,130,123,113,125,122,128,129,128,119,128,126,129,131,122,125,118,133,117,134,141,129,125
122,118,134,126,134,142,128,135,123,132,115,122,129,124,128,134,126,126,133,130,135,136,134,114,124,132,144,116,120,133,137,125,130,122,136,132
130,131,131,132,138,112,125,123,126,140,133,133,122,113,122,120,119,110,138,122,131,114,129,141,131,122,136,122,129,129,130,109,129,129,144,117
128,129,125,136,118,120,126,121,131,129,125,128,124,133,131,131,131,121,128,126,134,128,136,134,125,123,123,111,120,142,126,126,116,131,122,132
126,128,124,129,131,133,132,126,127,126,135,142,132,137,128,135,122,119,121,125,135,146,135,127,131,124,146,132,133,128,119,132,128,139,127,127
125,132,126,141,120,135,128,125,130,125,135,133,127,127,134,137,124,113,121,126,114,139,106,125,122,125,121,133,134,125,145,128,121,127,127,133
127,119,128,136,109,127,132,124,135,125,134,120,136,127,130,132,125,119,122,126,132,142,141,120,118,128,129,125,139,119,141,122,116,133,128,135
136,125,136,128,118,130,128,134,122,133,128,127,124,124,131,134,148,125,128,131,126,124,127,128,120,122,114,125,144,123,133,112,128,122,127,121
133,126,131,126,131,132,127,122,120,129,122,136,122,128,133,113,126,137,126,126,128,121,142,124,135,128,147,127,126,125,110,131,134,135,129,128
130,124,145,128,142,113,128,138,137,137,132,127,129,138,118,139,127,134,127,129,145,119,141,119,130,126,127,133,128,137,133,118,114,133,125,119
119,129,122,126,125,122,134,127,137,118,118,133,127,136,123,121,117,141,125,111,129,137,130,131,128,127,117,117,118,125,120,131,107,131,126,128
123,136,121,118,125,127,127,131,122,119,132,130,125,125,133,134,114,139,131,122,122,142,130,122,152,130,135,125,125,122,136,127,126,125,130,127
129,131,137,138,133,107,118,130,121,139,116,133,136,123,129,134,133,119,125,132,122,151,127,137,119,125,141,132,122,131,136,125,126,131,122,127
139,116,125,125,141,128,122,135,132,133,128,117,129,120,124,113,133,123,130,127,122,143,135,141,122,125,120,127,123,126,125,134,136,140,130,123
133,128,128,125,117,103,128,128,124,145,129,132,114,129,133,139,120,125,132,124,126,128,119,137,122,136,128,147,115,130,113,131,137,119,137,127
128,130,137,132,136,110,127,118,122,128,136,142,131,138,128,118,133,116,111,124,143,127,131,120,134,113,121,122,127,132,133,125,143,118,115,129
121,133,121,131,122,121,133,119,132,124,110,113,128,135,118,132,122,128,122,120,126,131,141,128,128,113,125,123,130,134,137,130,116,115,112,128
127,133,128,133,113,130,124,116,130,120,126,126,133,124,136,127,118,136,123,114,125,130,118,122,126,130,130,119,131,111,124,121,112,143,128,130
133,125,115,136,113,132,115,124,128,129,125,135,134,125,133,116,124,136,126,128,132,127,111,113,116,125,137,122,130,130,134,113,115,112,128,127
142,125,128,126,114,141,125,128,114,136,137,128,142,122,133,133,140,135,136,121,121,122,127,140,126,130,125,142,131,130,135,105,133,129,130,131
133,132,141,136,120,130,128,133,133,130,125,136,122,128,131,128,127,132,131,128,131,119,121,134,124,129,127,115,113,135,144,121,133,115,123,127
122,128,131,145,129,119,128,121,129,146,127,125,126,131,121,113,113,117,127,119,132,123,130,117,126,121,120,140,128,130,129,130,120,123,132,134
129,128,135,128,122,144,119,126,142,118,128,125,127,124,116,130,119,123,111,127,120,122,136,125,130,112,134,119,117,128,130,139,113,126,116,135
124,139,119,134,121,130,125,136,134,135,137,139,130,123,139,123,111,124,128,128,122,130,128,129,139,130,125,118,132,122,127,127,122,122,130,131
130,130,123,134,113,112,120,132,122,128,122,117,135,113,134,133,135,128,135,138,113,130,127,129,126,141,115,118,130,124,140,124,132,133,129,132
128,122,127,139,145,135,128,129,118,139,129,123,133,124,151,124,111,128,125,123,125,123,120,127,127,129,122,116,125,134,132,126,143,122,126,117
128,132,119,137,130,125,122,129,130,128,114,111,123,128,133,117,125,128,128,136,142,122,118,128,133,132,129,140,130,128,125,119,128,125,128,126
126,136,123,129,130,136,128,133,131,125,128,119,126,133,126,135,129,123,123,129,147,125,128,139,121,130,104,129,133,130,104,125,129,142,125,125
128,134,125,136,137,138,114,132,119,135,130,135,124,126,132,123,126,130,131,124,136,139,118,140,125,123,122,128,128,129,142,127,130,118,130,121
129,115,131,128,136,140,131,134,125,150,128,131,120,132,143,132,129,126,117,127,139,142,138,137,123,136,142,128,127,124,145,125,133,127,127,125
128,119,138,124,130,122,126,133,114,129,131,133,128,120,131,128,134,124,124,118,131,121,122,137,113,129,124,129,130,124,138,114,133,130,126,126
133,125,131,126,115,128,125,133,128,128,138,122,119,124,135,122,120,104,133,124,133,112,142,143,128,137,124,119,111,132,128,139,113,125,128,128
123,130,124,139,126,122,126,125,124,136,127,127,116,125,113,122,134,125,131,119,120,128,142,126,116,128,128,142,134,122,114,116,127,128,133,125
128,133,133,119,144,115,122,133,114,146,116,133,127,120,138,131,136,130,125,127,128,133,129,138,116,128,126,109,123,130,140,116,135,121,146,124
127,129,130,128,146,134,126,139,125,131,130,131,127,127,132,119,129,106,129,121,129,117,130,116,120,134,136,125,128,142,133,131,105,137,141,109
124,130,132,132,129,133,133,127,125,117,132,119,127,132,128,141,120,128,128,125,144,128,132,137,124,118,119,116,120,138,123,128,115,125,130,120
123,127,120,131,140,127,130,128,134,134,126,128,126,127,132,111,112,124,123,126,145,128,128,125,132,134,124,117,125,136,120,125,117,133,133,126
121,134,119,142,118,133,130,134,138,121,136,123,127,129,114,125,116,129,125,121,134,128,142,110,125,133,123,139,140,132,130,115,145,127,130,129
134,131,121,143,117,116,122,133,127,132,132,136,135,126,127,106,125,128,126,126,116,128,141,138,135,130,117,112,111,118,128,111,109,139,135,134
128,120,132,132,111,127,146,134,117,123,123,120,128,122,108,131,122,122,117,127,130,131,129,117,115,132,117,124,131,128,135,143,138,158,130,125
127,128,119,130,149,138,140,126,126,125,127,124,136,126,126,107,136,134,128,136,136,119,119,139,133,127,139,119,136,128,117,116,141,119,130,130
126,128,126,138,118,132,128,128,109,130,129,129,121,125,128,144,128,106,131,126,123,136,114,142,129,151,131,142,119,125,125,134,129,125,125,126
136,123,109,146,143,124,125,132,136,142,125,130,114,130,133,121,133,126,128,130,132,125,135,142,130,142,123,128,128,115,128,125,128,126,121,113
133,121,119,115,116,142,130,135,126,133,128,132,128,136,130,121,116,119,123,124,128,128,132,117,111,123,122,122,128,128,141,134,144,132,133,144
132,128,119,134,119,122,130,128,131,138,132,134,126,129,126,125,128,120,137,123,129,131,123,111,130,130,114,141,130,121,136,138,125,120,134,125
132,127,140,118,141,116,128,126,123,129,130,125,121,129,116,125,133,134,132,129,131,118,127,132,125,122,123,145,120,127,119,117,133,120,149,119
145,126,130,126,126,125,125,131,130,135,109,137,128,125,128,126,125,126,133,126,136,109,124,142,128,137,129,142,127,128,124,132,122,126,133,126
119,128,128,123,139,106,127,108,122,137,119,149,128,126,147,126,113,126,126,126,130,120,142,123,116,138,130,112,139,143,125,139,125,129,129,136
123,131,137,127,109,109,126,124,122,137,115,132,131,131,128,123,139,134,128,124,126,144,119,121,125,128,128,124,138,133,118,135,122,133,116,128
124,131,141,130,128,128,130,128,128,148,138,124,134,127,132,127,125,136,126,122,131,117,142,122,146,128,137,129,122,139,128,125,117,111,121,124
124,132,128,122,117,126,128,122,142,112,123,131,126,128,118,138,133,130,127,132,127,129,126,117,141,141,124,120,130,126,132,130,125,127,124,138
125,129,123,136,113,129,128,120,127,127,122,128,139,124,129,126,134,121,114,133,129,127,121,130,124,143,143,123,122,118,125,113,128,127,127,136
125,118,126,138,117,112,126,124,125,120,112,129,133,127,134,133,111,139,125,136,142,128,139,128,138,127,115,131,127,132,123,131,125,115,127,128
118,128,138,133,119,129,135,128,117,144,125,126,136,122,113,116,139,124,129,128,138,135,125,128,123,129,117,131,125,121,134,126,130,123,126,126
140,127,122,134,137,121,128,127,114,134,115,130,125,122,127,136,139,125,131,119,137,132,129,139,133,125,132,130,134,122,129,122,128,130,136,122
129,124,140,136,119,110,125,130,116,127,122,123,123,125,122,124,120,127,132,136,122,125,128,128,123,139,110,118,118,125,121,135,135,125,130,112
127,126,130,123,119,130,123,134,126,140,141,122,134,125,134,113,112,126,129,125,129,134,125,130,131,127,123,119,122,132,124,125,135,115,123,128
139,132,124,128,124,116,133,120,130,138,108,129,140,125,122,137,139,119,134,123,132,116,121,133,133,133,130,133,122,127,130,129,120,139,128,127
130,127,138,139,148,123,130,124,125,142,130,136,127,113,130,138,141,121,133,125,133,134,131,118,130,129,127,127,128,124,135,125,130,130,129,121
126,130,126,127,115,101,127,128,129,144,121,146,125,125,126,117,131,119,136,126,136,123,142,138,126,133,132,128,119,120,119,122,133,125,128,133
125,126,128,139,140,110,127,124,128,136,123,117,125,130,130,129,124,123,122,135,132,126,121,126,128,120,125,127,129,133,121,124,134,125,114,126
128,131,125,133,119,117,132,124,142,130,126,123,126,128,136,138,106,123,124,130,133,139,130,119,128,125,133,119,143,133,136,133,113,135,117,130
128,130,126,126,139,124,129,125,131,119,132,118,131,128,133,133,110,129,127,128,134,123,125,115,130,112,128,120,133,140,126,129,112,112,131,131
130,134,119,133,122,130,133,122,132,144,140,118,129,128,113,143,124,125,133,140,133,129,125,130,128,136,126,140,129,140,130,119,136,128,122,130
128,129,125,139,122,139,123,137,119,128,132,116,136,130,134,125,119,120,129,123,116,147,133,120,122,134,124,114,136,124,135,115,125,132,133,144
128,110,129,113,122,125,125,132,113,119,122,128,128,122,136,136,143,116,125,129,130,136,130,140,115,128,115,128,128,121,131,125,127,129,128,132
134,128,128,128,142,119,125,139,143,141,147,129,126,131,119,119,118,118,133,120,135,139,117,131,128,128,125,115,129,127,145,118,130,117,127,131
128,126,127,109,139,133,126,131,124,141,111,120,128,125,136,121,119,110,128,124,130,124,119,142,128,128,133,127,115,140,117,136,135,122,130,125
