128,128,148,136,150,128,127,122,128,142,120,130,129,119,140,127,123,146,120,122,143,120,140,133,139,135,137,138,130,143,132,135,127,136,119,128
125,130,142,128,119,131,136,108,133,130,120,114,130,128,123,148,110,123,127,128,128,130,140,149,132,140,116,123,128,128,123,130,119,128,123,126
128,130,130,117,127,128,124,130,134,122,137,123,128,136,124,116,107,128,128,128,124,126,132,133,127,112,133,117,116,125,130,115,125,116,116,130
130,122,127,122,145,144,126,134,119,130,117,115,124,129,128,141,125,111,131,127,124,136,116,140,127,136,129,128,120,128,128,132,142,122,131,120
132,127,130,128,110,117,130,130,128,128,116,134,122,136,122,115,122,122,133,128,126,131,132,145,136,128,143,123,116,129,121,134,117,125,127,122
136,119,131,122,132,116,126,128,119,123,130,127,125,128,129,114,127,118,135,128,122,122,136,116,123,140,122,122,123,128,108,122,136,129,135,129
133,138,124,127,144,122,134,123,110,146,139,128,128,140,131,128,122,120,134,114,127,128,128,139,125,128,132,132,128,123,103,120,138,129,134,125
130,126,119,125,137,124,133,115,125,135,119,131,122,135,121,124,116,136,136,129,124,120,114,122,126,128,133,139,113,132,130,135,137,141,127,130
130,131,131,140,119,118,125,116,127,112,131,145,129,126,112,125,123,127,132,120,132,122,128,120,125,124,126,138,125,111,121,123,133,120,128,126
122,128,123,117,139,134,124,122,120,137,141,146,132,128,116,134,125,134,128,127,135,133,130,129,141,112,130,119,128,131,124,148,119,125,125,130
126,129,122,120,126,117,129,138,151,133,125,118,125,128,127,131,122,124,127,125,124,121,127,127,122,119,125,117,122,142,136,141,116,147,116,127
129,128,122,129,109,123,130,127,135,131,129,135,130,144,131,117,122,141,127,122,111,143,122,132,132,127,138,132,125,128,125,134,114,128,119,123
126,136,114,128,127,124,131,116,138,122,126,113,127,114,139,129,130,123,122,128,119,130,118,129,143,133,138,122,124,128,117,137,133,131,127,132
125,122,128,134,122,147,125,128,113,144,136,128,131,122,140,132,120,132,125,133,120,130,141,117,124,128,136,131,118,116,122,116,101,126,128,128
129,126,130,126,114,140,128,133,133,133,130,131,129,139,144,137,121,128,128,127,130,120,134,138,116,125,124,126,117,129,139,122,130,113,125,126
133,119,125,124,127,120,113,120,117,151,125,128,121,136,122,123,131,123,130,127,126,125,133,119,125,132,129,140,116,133,122,126,133,114,124,124
139,136,137,128,111,123,125,121,131,129,128,140,126,128,129,119,116,123,133,125,138,115,140,129,132,113,116,130,123,141,126,125,118,116,137,128
113,126,123,126,138,135,133,114,141,126,133,125,128,126,132,119,130,126,129,128,135,125,133,120,129,126,129,126,119,128,129,128,133,130,126,130
128,130,125,132,121,132,133,127,129,122,144,134,127,127,130,140,116,128,129,128,136,119,131,113,122,129,135,136,123,142,133,157,128,131,131,128
128,128,114,133,126,116,136,127,123,122,125,114,128,138,133,134,109,117,124,123,114,126,128,133,133,119,142,116,135,119,128,123,125,141,129,128
118,134,123,132,119,133,127,115,116,130,139,130,141,128,120,113,110,130,121,133,122,130,128,139,125,128,143,128,118,125,133,139,118,137,136,131
128,128,125,132,119,130,119,128,141,128,123,122,136,122,135,130,132,139,129,138,123,122,126,123,133,137,142,125,140,131,139,113,130,130,125,130
128,128,118,140,104,133,120,125,137,116,132,122,139,121,131,116,113,131,130,131,128,122,131,129,126,122,125,122,124,131,110,113,120,128,128,124
134,127,126,127,135,119,127,127,132,118,119,117,122,129,123,135,130,127,130,121,113,136,130,139,129,118,124,128,127,126,141,107,120,131,131,130
128,127,129,128,113,116,122,130,137,126,118,117,133,124,126,129,116,135,130,130,121,120,125,136,128,131,123,126,139,126,128,122,126,131,132,125
129,122,136,131,125,126,127,125,132,133,118,129,127,125,120,139,117,141,133,131,119,125,140,136,127,126,121,127,119,123,132,141,137,125,133,117
125,129,151,125,126,114,122,125,122,119,136,114,126,135,125,121,127,138,121,124,136,130,128,119,118,126,131,129,126,137,149,133,112,119,128,131
120,130,116,128,134,127,133,120,132,133,141,129,127,131,124,115,113,119,108,130,127,117,125,127,123,120,123,123,122,146,142,128,115,116,126,127
126,126,122,140,115,129,129,132,132,126,122,128,134,130,135,125,135,137,140,122,109,136,130,128,124,128,139,115,115,140,126,123,113,137,121,129
122,133,131,128,142,138,128,124,130,118,140,140,126,128,108,156,123,135,128,125,132,131,136,129,120,127,124,122,123,109,125,128,128,140,119,133
134,124,114,130,127,122,127,127,121,119,118,130,135,131,133,120,130,132,132,130,130,114,127,110,127,129,117,129,123,127,113,133,133,111,130,142
124,123,129,125,129,132,124,116,122,122,137,140,134,128,132,122,128,115,127,131,128,128,134,129,121,121,131,118,130,120,133,116,112,117,130,128
133,122,124,137,116,145,126,136,123,139,126,114,128,128,135,128,128,128,125,125,137,129,113,135,128,138,130,145,139,139,130,111,126,125,130,118
134,121,125,128,127,125,114,128,124,137,126,131,129,140,136,121,133,136,133,126,128,129,130,120,122,129,138,143,123,130,128,140,134,127,130,122
119,121,133,128,138,116,122,122,116,139,122,140,127,126,116,130,132,123,134,125,138,120,119,126,130,142,133,125,131,128,126,133,123,135,136,131
125,128,133,130,131,117,128,113,145,118,120,142,128,137,117,145,114,130,129,121,128,129,141,138,128,119,119,128,110,129,122,121,130,120,130,132
123,128,121,131,145,146,129,126,127,133,137,127,134,133,121,126,117,122,127,125,127,127,137,133,132,128,135,112,125,134,123,130,119,136,112,134
128,138,125,134,127,118,123,126,130,128,139,121,139,124,123,140,116,141,127,131,128,128,125,122,139,110,130,105,124,134,116,125,122,140,127,131
133,121,128,138,128,135,132,119,136,136,135,136,139,123,125,121,136,128,130,139,135,132,130,131,123,127,119,128,128,135,118,137,129,145,128,120
127,123,126,133,130,125,130,120,142,125,119,120,128,133,131,116,137,128,128,133,136,132,110,137,112,135,115,121,118,123,141,133,130,116,120,124
132,128,138,131,133,119,129,132,130,134,148,118,125,128,127,122,153,118,128,125,129,127,134,142,113,129,130,123,123,118,135,116,119,124,122,129
133,126,135,118,120,139,127,131,114,132,125,123,136,129,133,128,127,122,128,112,125,126,128,137,133,130,129,128,115,123,134,129,138,110,118,122
144,133,130,135,123,104,120,129,125,123,126,130,128,128,118,128,133,128,136,129,130,130,134,135,137,133,133,128,121,127,119,110,133,124,140,123
136,126,130,128,109,130,126,128,118,128,128,138,125,128,106,119,120,131,132,129,128,139,141,133,128,133,125,125,129,122,129,131,118,125,131,124
125,130,127,107,130,112,128,125,136,119,131,124,131,120,113,131,122,126,130,124,133,122,127,115,128,128,132,132,127,120,127,116,134,128,136,127
130,124,128,118,112,107,125,131,131,119,150,133,127,121,148,129,128,128,130,127,125,136,135,134,125,126,128,125,116,125,121,122,120,127,126,134
122,128,129,131,132,123,133,133,125,135,139,132,128,131,128,112,113,136,132,122,126,136,117,119,113,140,113,137,132,120,128,116,128,119,137,129
133,126,128,109,125,131,128,143,119,141,127,136,122,125,135,128,114,121,130,130,123,110,130,137,125,139,117,122,130,129,129,130,136,118,126,135
140,122,133,123,122,130,117,127,119,128,116,140,129,127,148,126,133,130,137,121,126,121,124,128,128,136,110,134,125,133,132,128,124,134,130,126
131,126,135,105,123,128,128,125,133,135,129,119,126,133,130,132,122,118,132,121,131,129,130,129,117,128,106,122,122,139,136,122,140,126,130,130
132,120,133,125,126,139,122,136,135,122,121,126,127,128,129,115,126,128,133,130,124,133,139,129,140,135,135,132,123,120,123,124,140,130,140,116
129,124,126,118,128,107,135,125,134,139,124,132,132,123,141,128,125,135,132,125,132,123,142,139,130,127,136,126,125,125,135,130,108,131,127,125
123,122,127,133,142,125,140,117,128,135,143,144,121,130,114,133,122,126,119,128,121,126,112,114,121,138,130,125,122,137,122,134,123,127,135,126
131,131,131,128,122,119,133,127,145,148,113,128,130,120,130,115,129,115,139,124,129,142,119,113,127,133,118,142,127,134,128,135,120,129,142,126
124,128,125,127,126,139,130,122,128,118,114,132,131,130,125,130,124,122,123,127,133,136,147,124,128,141,142,127,125,124,122,126,115,140,118,126
128,135,132,128,130,136,133,122,130,128,127,109,133,133,119,116,122,135,130,130,139,125,133,130,131,122,135,129,114,143,119,128,143,129,113,130
124,134,121,134,128,128,132,120,127,133,125,121,120,134,121,120,115,113,126,128,149,124,135,123,128,122,128,128,137,134,128,139,136,150,130,126
122,133,113,133,120,136,124,115,139,130,135,130,127,125,120,125,130,139,129,130,138,128,123,128,135,114,132,117,128,126,151,131,120,125,125,125
128,133,122,136,122,127,122,128,125,147,135,133,128,125,133,146,114,137,130,128,122,133,113,137,148,120,121,134,117,130,114,142,126,122,139,128
120,134,126,125,114,126,128,133,123,126,142,121,136,121,115,125,119,140,129,132,125,118,127,111,131,126,126,125,134,126,120,128,129,130,120,137
129,130,127,145,105,126,125,133,139,133,126,119,125,127,133,121,117,113,130,126,138,128,119,137,119,119,129,133,130,128,141,113,130,133,123,125
139,125,125,114,117,133,123,129,125,133,125,126,137,128,119,132,132,128,129,114,118,106,135,127,123,128,125,125,139,129,115,129,130,145,127,129
125,120,134,114,128,114,125,129,133,123,136,134,141,110,124,123,134,120,124,134,128,104,125,126,143,128,119,116,127,127,139,109,115,131,129,134
132,128,128,128,124,133,126,125,135,113,127,120,123,116,131,137,133,130,128,133,128,116,137,127,130,141,113,117,134,128,141,128,133,118,126,119
138,126,122,127,118,109,124,134,122,135,141,145,123,125,119,133,132,130,134,114,122,122,128,145,127,129,120,136,137,125,127,133,124,124,131,125
133,126,124,125,137,134,128,131,125,136,115,123,125,123,128,130,143,124,128,128,130,138,134,130,128,128,124,132,119,138,128,119,147,114,130,133
130,128,115,110,130,141,128,131,134,150,136,139,126,130,116,130,105,127,133,123,128,122,139,144,131,137,148,127,135,126,137,133,116,131,131,127
125,136,126,132,106,133,129,130,130,143,123,139,128,130,127,117,130,110,132,120,107,122,126,130,128,128,134,119,128,125,125,136,139,126,121,129
132,130,123,115,133,119,129,124,118,134,115,125,136,141,126,136,130,131,128,129,144,119,136,126,123,130,115,124,128,126,132,125,115,136,126,124
130,128,128,122,119,143,134,122,137,139,135,134,124,129,132,117,122,147,135,136,139,125,127,122,133,120,128,105,124,129,108,129,118,137,126,128
127,122,128,126,130,119,123,125,128,136,132,124,124,123,144,128,141,117,122,121,129,127,130,143,132,119,113,128,128,125,132,121,107,128,125,125
137,115,125,126,109,134,125,132,116,121,141,128,131,128,136,125,127,117,128,129,118,137,120,116,110,127,121,128,122,130,142,126,124,117,132,140
130,124,125,119,127,120,120,131,123,129,127,127,132,127,128,123,136,122,128,135,122,128,134,120,133,133,126,132,146,119,139,130,121,126,127,134
126,133,147,116,106,111,136,122,122,136,130,130,131,133,141,131,131,130,128,143,124,123,128,138,127,127,133,115,124,123,135,128,151,117,117,127
130,130,126,118,115,143,124,134,122,126,130,139,128,129,135,132,125,117,133,125,125,139,129,131,125,122,128,123,139,128,132,116,128,128,128,128
128,124,125,129,119,141,127,132,120,136,130,138,137,128,129,138,115,131,125,119,112,133,138,127,125,119,134,125,128,122,127,124,131,117,130,126
129,128,133,129,118,124,124,128,116,125,139,121,132,125,122,132,125,118,129,107,121,126,123,121,127,128,123,128,128,127,128,127,138,123,138,127
140,125,131,125,113,116,125,125,126,122,119,129,130,130,126,128,138,122,133,120,115,136,126,117,125,125,123,119,133,136,138,129,133,126,126,129
128,122,126,121,122,133,117,124,131,129,139,117,133,131,125,139,117,127,128,133,122,132,110,125,126,128,134,128,132,130,138,122,128,123,125,125
125,112,131,148,124,134,123,128,111,133,118,126,128,129,122,123,117,126,120,138,124,142,112,126,109,136,136,123,147,131,123,141,148,125,133,114
134,124,132,123,142,117,126,137,122,133,135,127,133,117,128,139,129,130,130,132,125,139,115,121,129,128,129,125,131,116,132,114,129,126,126,136
132,125,124,115,122,128,116,122,110,117,136,133,128,128,131,119,127,122,134,128,119,136,130,142,134,126,125,135,123,122,133,136,125,109,129,122
133,125,127,118,130,122,128,130,128,125,122,147,132,132,122,126,133,119,128,127,130,133,133,135,126,142,134,116,130,127,138,128,109,122,119,124
134,129,127,117,122,146,133,136,142,138,119,135,123,131,115,148,130,119,130,125,121,120,123,123,132,124,113,133,128,128,128,126,128,122,138,122
132,126,133,141,118,126,125,118,122,137,121,125,124,128,134,113,118,132,128,119,119,128,122,129,125,126,126,125,118,130,119,119,128,132,133,123
128,130,147,110,118,108,128,126,128,123,129,124,125,120,122,139,116,116,131,124,118,138,132,121,127,114,125,131,133,124,136,141,124,138,132,119
129,127,130,131,133,120,126,125,133,131,137,134,129,128,109,125,144,123,139,138,128,127,123,139,134,125,122,128,132,122,134,132,133,132,130,134
123,123,119,113,144,122,141,119,130,121,128,122,132,131,126,126,127,135,131,122,124,131,119,123,119,125,129,135,128,130,125,134,114,135,123,122
126,129,126,138,155,133,134,129,133,114,123,125,128,133,142,122,119,132,114,131,123,124,121,131,121,118,112,140,120,128,126,127,108,125,128,119
128,129,119,125,141,124,137,127,136,114,120,121,129,131,125,146,114,120,119,137,127,125,139,123,116,128,135,117,116,128,129,125,145,121,129,125
122,130,135,122,132,133,128,120,133,135,117,125,128,126,127,134,114,144,125,128,118,131,133,120,138,120,143,122,126,124,132,128,115,136,128,120
128,130,119,133,132,116,122,128,139,110,133,130,127,129,124,141,125,128,125,128,123,121,136,120,131,111,125,123,120,119,128,137,136,128,126,126
126,132,128,123,124,132,116,128,128,130,124,128,139,115,132,124,122,129,119,141,122,141,119,135,142,114,130,117,133,122,130,124,133,136,131,130
128,130,128,134,131,142,125,127,126,132,137,127,124,122,133,128,130,112,130,128,120,118,125,131,118,130,123,126,120,135,138,128,122,136,122,117
129,122,128,125,130,121,125,134,122,141,128,138,128,125,128,129,127,129,122,134,134,133,119,129,119,130,118,131,128,119,136,127,147,116,128,123
133,113,132,130,119,114,130,118,126,129,144,143,118,125,120,134,120,131,129,112,129,136,128,136,123,132,121,134,123,128,119,120,134,112,133,128
125,128,133,123,130,115,122,130,142,136,119,116,125,121,121,115,129,128,133,126,126,140,128,146,120,121,127,143,127,138,136,125,120,131,125,133
126,131,120,130,142,139,130,133,122,124,133,128,126,135,123,126,128,132,128,127,142,133,122,130,121,126,132,125,137,129,126,112,126,108,136,134
122,128,120,124,132,122,125,124,139,133,125,145,129,134,120,131,120,138,130,121,142,121,122,125,130,131,119,150,130,141,139,118,116,125,126,128
125,119,145,109,121,109,118,126,136,125,125,126,130,136,125,137,126,136,126,130,124,135,129,132,128,125,107,137,124,126,134,138,114,123,129,125
125,130,122,122,134,125,135,117,130,128,124,128,127,132,119,135,116,119,128,121,124,128,135,119,127,129,130,132,132,130,115,121,115,130,130,123
126,125,134,129,123,125,132,136,131,117,140,143,127,130,133,133,126,132,128,123,124,123,138,137,132,126,135,148,119,129,124,117,129,119,128,125
128,128,132,121,144,107,136,111,130,121,118,131,117,116,132,128,125,124,123,122,134,129,139,115,139,126,128,132,136,140,107,140,130,119,127,122
125,125,125,130,126,113,131,111,128,114,131,149,134,113,139,145,109,128,125,128,136,133,135,126,136,112,121,113,138,135,128,159,126,146,125,119
122,134,124,132,111,136,128,120,133,126,113,125,126,122,128,120,125,128,125,125,114,123,119,128,128,115,127,131,126,139,127,128,126,140,135,130
125,130,119,128,139,138,128,131,129,112,122,128,128,121,136,135,114,127,107,125,137,129,128,116,122,134,118,112,139,127,128,157,129,135,126,129
140,128,127,127,113,113,126,134,132,131,125,133,126,127,139,109,128,114,127,124,126,117,123,145,107,119,121,128,132,128,119,118,130,121,136,120
131,128,130,111,124,130,122,128,133,136,141,131,133,125,127,136,137,134,128,133,135,132,129,124,132,122,110,144,118,119,127,131,111,122,128,126
130,125,123,125,127,132,126,138,124,131,128,128,128,128,132,124,129,114,128,129,128,119,127,135,128,128,133,129,128,133,127,126,143,113,122,120
132,127,133,130,131,118,128,139,134,151,122,128,124,127,122,121,137,130,125,127,125,126,133,125,122,133,121,133,122,136,143,136,133,127,130,115
126,132,133,123,133,133,123,135,133,139,135,123,126,130,109,142,136,121,125,119,122,119,128,124,131,126,127,119,123,130,128,135,138,118,129,125
136,128,134,119,107,133,127,134,129,130,119,146,128,133,115,124,118,120,129,133,136,132,130,128,126,126,115,122,125,127,130,135,123,137,128,124
127,127,129,128,125,136,126,111,130,141,127,147,124,130,127,143,119,108,134,126,127,135,135,127,127,142,125,131,111,122,127,128,135,112,131,124
122,128,126,136,144,128,128,133,121,122,123,136,120,128,130,143,112,132,135,126,133,120,130,119,119,138,122,134,118,128,119,125,130,131,132,134
127,125,133,133,126,115,133,103,113,132,131,147,122,130,134,123,119,138,128,127,132,126,135,127,125,121,136,131,125,130,128,132,127,127,115,127
124,117,122,128,113,124,125,123,122,130,130,132,129,125,122,115,154,113,128,113,151,116,125,117,133,116,117,114,125,123,137,133,131,132,130,133
133,124,125,111,131,115,129,136,136,125,136,131,125,136,134,130,129,128,139,126,122,138,133,128,120,134,122,116,121,130,139,125,126,148,136,125
134,130,142,126,115,133,128,132,128,136,133,117,122,128,125,121,130,141,128,119,126,119,115,128,121,138,125,125,127,118,127,134,120,118,130,121
134,134,121,117,129,128,127,132,138,131,116,136,123,142,132,117,128,118,130,130,136,130,127,131,127,131,122,142,128,128,134,130,122,126,130,122
126,132,136,114,113,142,122,123,118,147,129,136,118,117,114,144,128,141,137,129,138,120,124,129,119,135,134,120,128,117,130,118,122,116,121,127
133,127,125,125,143,117,125,115,127,137,129,142,120,128,121,117,108,125,130,130,119,126,136,121,130,141,133,114,118,120,122,132,113,123,128,123
124,130,128,128,117,122,126,116,122,133,128,122,119,130,124,139,133,128,132,128,132,135,139,131,128,126,114,130,128,133,121,134,110,142,133,125
134,120,131,108,116,119,128,125,142,138,118,125,126,137,133,133,143,133,114,125,130,140,118,116,133,128,113,149,128,131,121,125,116,126,124,124
125,121,119,133,143,118,137,120,134,127,109,130,124,132,113,139,124,132,127,130,133,122,145,116,131,130,122,146,130,138,124,114,117,128,120,126
126,128,122,136,146,134,133,124,139,130,116,132,128,133,126,109,140,130,125,128,116,133,151,118,122,133,112,125,131,131,122,121,130,122,125,116
121,128,115,134,111,133,131,120,133,126,124,124,122,127,128,128,116,133,128,128,133,142,152,135,120,127,149,125,122,130,116,121,129,124,132,128
121,135,124,129,131,127,128,126,144,126,129,111,132,137,128,143,122,127,122,125,130,130,129,131,136,119,128,130,121,136,129,130,119,136,135,127
125,130,119,129,107,138,125,127,139,121,137,114,135,125,137,134,131,129,121,128,125,116,122,108,129,116,121,121,113,124,120,142,115,124,127,135
127,134,122,128,130,136,125,119,126,117,131,127,123,127,136,118,125,127,126,128,127,121,130,131,123,126,122,122,125,125,123,126,123,126,124,125
127,134,130,136,130,141,137,116,127,128,147,139,132,125,133,116,125,108,129,133,124,127,110,121,125,120,109,124,133,123,146,122,111,128,131,125
132,125,136,120,125,137,123,143,120,137,116,133,133,123,131,120,132,136,128,125,128,131,142,129,118,119,142,119,110,133,128,130,123,128,131,127
138,126,125,116,130,139,123,122,123,122,127,125,118,130,146,127,135,128,128,124,124,122,133,133,128,128,127,130,123,131,128,128,141,109,134,121
133,127,135,130,136,115,128,128,129,141,140,130,124,128,127,133,154,139,128,124,125,129,123,128,124,127,125,127,116,122,127,124,125,115,140,136
120,128,129,130,134,119,130,123,135,120,133,144,126,132,131,125,115,143,130,128,122,131,135,125,130,136,141,137,127,126,119,127,120,120,136,126
122,126,140,128,158,128,128,125,129,138,124,135,130,131,110,115,114,120,133,127,119,120,128,119,116,122,121,139,127,118,118,125,121,124,128,133
124,129,130,122,134,129,133,126,116,133,115,130,127,128,125,122,111,130,124,125,118,131,129,107,128,133,119,130,123,134,124,128,111,147,126,120
125,128,132,136,120,116,132,122,138,124,135,118,125,132,126,133,130,145,111,127,121,120,127,114,131,118,121,130,116,123,124,145,119,118,125,128
125,129,117,128,123,134,122,126,136,138,140,118,125,126,120,133,131,129,125,124,118,124,130,128,125,128,124,113,126,127,135,124,128,132,119,130
123,133,125,127,147,128,121,128,127,120,133,126,136,127,126,122,118,122,121,134,119,129,113,128,127,116,136,116,134,118,119,141,147,127,124,130
127,121,136,128,127,123,127,131,122,147,120,128,135,124,142,142,130,117,129,117,125,130,124,131,124,128,123,128,136,128,135,148,116,130,133,128
134,127,130,117,144,120,125,132,128,126,125,142,124,126,128,123,123,116,128,128,119,128,128,120,120,129,128,118,132,130,120,113,140,122,130,121
132,124,136,126,133,123,128,139,122,143,118,128,128,132,130,118,145,127,130,124,124,122,125,145,123,131,136,119,128,128,131,141,137,131,126,117
132,128,128,121,127,121,125,130,123,151,122,123,128,125,128,115,138,125,128,128,139,148,125,128,123,128,125,128,134,122,122,132,125,112,139,126
126,124,128,124,132,142,125,125,128,131,136,128,131,135,126,119,126,124,130,129,141,128,127,119,119,127,125,139,128,133,129,129,128,123,134,130
121,128,128,127,130,114,138,117,128,128,144,127,114,129,125,114,110,128,130,116,126,129,131,130,119,128,127,119,131,133,110,133,139,130,140,122
125,129,116,127,124,124,134,110,137,122,140,123,129,133,125,140,124,132,120,130,130,132,136,116,123,127,143,122,131,133,139,123,140,136,123,126
132,128,125,131,125,119,128,128,131,118,117,130,131,113,123,131,113,117,123,133,124,116,133,125,143,113,137,126,123,119,125,125,129,131,129,126
128,123,125,133,125,125,119,121,123,110,139,121,130,129,125,119,138,128,125,127,114,122,120,122,128,121,122,116,119,113,131,120,137,128,129,130
129,141,125,129,141,130,122,128,136,120,131,124,131,132,122,113,118,122,125,132,127,130,113,130,117,139,133,122,125,128,125,126,127,126,138,130
135,120,128,123,139,128,128,128,129,134,137,125,119,126,142,121,126,122,128,127,128,137,122,134,129,139,126,123,121,132,139,126,141,116,128,124
132,123,131,121,125,126,131,131,117,135,124,113,128,130,136,122,122,121,130,122,121,118,117,145,128,123,107,142,138,127,142,142,126,110,126,125
128,127,116,125,136,136,119,134,124,130,119,137,126,128,118,122,114,105,126,122,126,122,125,139,127,130,121,136,129,117,127,143,111,135,127,125
133,123,128,115,134,126,120,132,115,124,135,125,128,123,133,126,128,114,129,113,126,130,132,144,132,138,136,132,121,128,143,135,133,129,127,121
133,126,122,128,117,135,128,133,138,136,110,131,128,128,125,112,127,138,128,120,125,118,146,130,122,139,108,121,136,128,127,115,130,125,125,121
131,125,121,132,128,138,126,132,122,128,122,119,130,125,144,130,119,119,131,130,129,140,133,153,126,130,121,124,122,141,132,131,134,127,134,123
135,138,123,125,128,123,126,132,107,126,121,137,127,128,134,130,128,122,134,128,129,134,142,116,122,134,139,148,121,120,125,113,120,126,130,128
128,126,137,128,119,106,124,125,139,144,143,116,127,129,111,123,135,133,130,129,123,119,135,121,132,139,133,146,128,129,129,117,130,135,125,122
133,128,131,134,130,119,128,117,136,139,143,136,135,129,139,129,124,136,122,137,139,127,129,123,127,128,113,131,120,128,123,139,137,125,131,128
124,137,125,116,128,126,130,122,118,122,129,134,128,139,139,137,129,121,120,128,128,123,132,122,133,139,122,136,115,127,121,124,116,119,118,129
128,127,125,119,128,130,128,131,114,119,144,134,128,125,140,123,140,128,126,131,125,128,136,119,136,125,150,128,129,124,120,128,125,128,128,126
131,128,127,135,110,139,124,133,128,121,139,116,125,128,134,123,125,128,131,124,123,130,126,138,126,133,133,127,123,129,133,121,124,117,130,119
133,127,132,130,134,130,126,125,131,146,128,131,124,127,128,127,130,122,121,136,110,133,134,136,119,139,122,131,111,124,130,122,133,131,129,127
135,127,124,120,122,127,122,133,136,135,108,113,130,127,137,130,112,115,127,123,123,150,126,141,125,118,133,122,144,128,136,124,123,132,129,130
137,130,126,125,112,124,125,129,122,142,120,120,125,129,126,136,131,129,137,115,123,131,134,121,119,136,120,137,122,120,140,142,120,127,131,128
128,128,128,122,132,125,125,132,110,141,124,140,126,129,121,127,125,136,124,128,133,131,124,130,122,139,129,119,119,122,135,118,123,125,135,126
130,130,136,121,114,122,128,127,133,136,137,138,125,132,117,117,129,116,133,129,133,134,133,122,131,133,113,138,121,128,127,114,135,127,128,119
122,121,126,119,130,119,130,120,126,121,136,133,122,129,132,139,118,132,128,127,131,132,129,137,124,113,132,130,122,144,123,118,121,136,130,117
125,128,115,123,139,129,130,111,124,130,128,141,131,124,127,131,112,130,127,129,126,136,130,125,141,121,124,124,124,125,133,125,117,120,130,130
129,123,110,128,111,125,134,122,128,130,126,115,128,126,130,139,124,123,121,123,138,123,146,136,129,126,128,128,110,129,126,138,130,110,121,125
126,131,116,126,125,131,130,124,133,116,132,121,127,123,130,139,132,135,115,125,120,126,129,125,135,113,119,134,132,132,119,117,117,131,130,133
125,132,122,131,128,128,126,127,124,135,132,125,128,125,120,124,139,121,125,124,133,115,120,124,137,121,137,132,126,116,136,120,131,145,127,128
123,125,127,134,139,136,137,126,113,114,130,131,129,125,128,107,139,144,125,128,121,123,130,124,128,112,145,116,122,122,128,129,125,120,128,130
129,128,130,123,136,142,108,121,113,135,151,129,132,126,129,123,128,109,128,131,125,132,119,129,110,126,122,133,140,113,126,117,135,139,125,131
127,127,126,130,123,134,129,124,119,122,124,127,118,112,156,122,118,120,128,133,114,125,137,134,129,128,132,131,125,124,126,121,131,119,121,126
135,126,125,126,137,119,125,131,144,147,140,145,124,129,127,133,107,107,128,122,136,127,136,126,128,119,144,132,128,136,132,124,134,123,120,133
129,122,119,113,117,129,120,116,146,135,136,131,118,125,128,119,134,113,115,132,141,136,133,122,135,121,128,111,128,122,122,141,132,116,133,126
134,117,136,113,128,142,118,129,129,130,128,132,124,125,125,131,133,127,118,125,134,119,133,134,125,131,122,127,124,125,131,123,135,128,132,120
132,127,132,122,115,111,126,131,132,137,111,116,121,119,125,125,136,138,131,125,129,117,126,143,127,122,130,105,140,115,118,130,146,122,125,129
142,115,120,126,118,134,135,130,133,130,130,126,130,125,139,135,124,113,125,130,119,128,118,128,114,128,122,130,141,127,125,132,126,120,123,141
130,134,113,116,126,128,139,127,123,123,115,117,125,128,121,121,138,126,128,131,128,118,144,133,128,133,128,130,120,121,110,145,133,133,136,128
128,126,133,126,141,128,122,123,128,134,128,140,121,127,116,113,139,141,133,121,126,122,121,120,125,133,134,134,125,128,122,133,154,119,150,124
136,126,133,117,131,122,128,128,124,136,120,123,122,119,129,128,144,129,137,127,124,111,137,140,128,126,119,125,117,133,138,126,121,123,135,125
133,128,130,128,142,121,128,125,127,123,126,131,134,117,140,116,136,121,135,127,133,142,125,125,123,112,122,116,130,123,134,116,130,121,128,129
134,127,126,120,136,128,117,123,123,142,113,128,120,129,128,120,125,139,128,112,133,118,143,136,130,134,141,134,121,126,129,125,122,134,131,124
134,128,130,122,110,116,121,128,125,145,136,139,133,132,125,122,124,122,133,130,116,125,131,131,113,128,122,117,120,127,142,119,122,113,128,118
134,128,130,127,135,118,127,119,128,146,134,143,128,124,123,122,130,129,129,123,119,133,127,145,124,142,125,130,119,128,137,123,123,127,133,122
133,128,141,116,135,143,138,115,134,115,124,138,115,128,133,114,119,118,129,128,134,113,124,119,142,128,137,138,129,128,127,130,130,121,130,126
131,128,136,115,123,115,123,123,130,135,111,136,129,136,122,130,125,126,145,126,131,119,127,137,136,132,125,145,125,130,130,123,114,136,131,130
125,125,136,127,136,113,124,125,141,119,130,117,119,129,112,128,128,136,130,127,133,120,121,126,126,133,126,144,122,125,114,141,130,126,134,125
128,130,122,128,126,122,127,124,123,130,139,138,122,110,113,130,137,128,141,132,129,137,107,124,132,124,130,124,125,135,132,134,119,125,122,131
132,127,128,130,118,124,137,125,123,134,131,145,130,142,117,128,137,114,139,130,133,121,129,121,119,126,119,132,124,130,122,131,116,121,132,128
121,128,121,123,121,124,131,125,118,138,135,122,127,132,126,136,129,132,125,128,133,115,125,122,121,123,128,136,139,123,118,135,118,120,129,129
126,124,122,136,128,134,133,125,136,126,130,144,127,128,132,133,141,123,118,125,137,114,130,119,141,122,127,114,125,140,129,124,137,139,122,126
128,132,119,128,127,116,132,123,147,134,125,122,128,130,127,128,128,122,128,130,125,139,135,121,133,122,130,116,126,126,116,139,121,130,128,125
125,135,123,116,124,123,124,126,139,122,143,128,130,125,122,128,118,136,127,130,118,133,127,123,142,117,116,117,127,127,129,147,127,143,117,126
133,133,114,128,115,120,125,126,138,117,138,122,127,125,126,122,124,128,139,131,130,141,142,117,129,136,129,125,138,117,126,133,136,137,129,124
127,134,126,115,122,128,120,129,160,127,133,125,125,129,139,112,121,118,128,115,141,131,118,129,125,126,125,131,128,130,150,126,137,125,117,119
124,123,110,110,115,126,119,129,120,121,142,119,122,128,104,142,135,138,122,124,130,135,125,105,128,129,140,137,128,130,136,129,119,128,128,133
131,128,119,124,121,118,114,136,121,128,121,123,121,129,141,133,133,119,129,112,128,141,130,136,137,129,125,124,122,129,121,131,128,113,128,124
133,124,134,136,113,136,134,130,121,140,133,126,121,119,135,127,134,135,136,124,119,125,124,136,130,137,117,129,133,127,135,128,132,122,134,123
129,133,129,133,132,118,129,127,123,128,122,128,119,133,141,126,123,119,128,137,117,126,119,132,139,127,133,143,129,126,137,125,133,133,129,127
120,125,107,124,120,135,118,130,128,136,111,132,124,133,126,133,124,128,128,118,114,114,138,130,119,140,111,131,119,128,117,123,126,117,134,123
118,129,133,129,124,114,125,117,122,117,101,131,135,141,121,136,119,128,134,124,124,123,135,132,129,129,126,137,123,122,127,129,139,129,130,118
128,130,132,128,139,107,122,126,128,133,110,130,126,133,118,125,125,125,134,123,130,135,132,120,132,138,141,133,111,124,116,125,139,120,133,129
130,126,144,128,138,135,124,119,136,123,144,144,136,123,127,119,110,124,125,124,133,136,128,119,127,136,130,141,128,132,116,119,113,124,128,122
117,134,133,129,143,124,139,120,142,108,129,127,128,130,117,128,125,125,119,129,115,124,132,125,132,128,136,125,131,136,140,126,117,112,130,125
122,124,121,122,116,118,131,115,132,122,145,122,128,130,117,122,135,123,128,125,131,114,141,120,125,125,133,129,129,134,114,130,119,129,120,125
127,124,125,122,133,122,132,130,139,129,121,107,131,130,128,125,121,130,128,128,131,124,131,125,136,135,128,115,126,135,136,134,115,127,117,123
125,135,130,133,116,128,118,127,116,128,147,122,133,116,120,138,131,145,126,129,120,134,133,119,151,125,127,130,125,117,113,123,120,141,127,127
128,136,128,138,114,130,120,126,136,133,151,119,133,119,127,118,137,117,123,138,120,133,137,129,129,128,132,124,120,146,124,123,133,123,114,127
127,129,119,142,128,126,130,110,134,139,152,123,120,128,124,131,134,132,129,127,142,138,131,118,134,126,106,119,126,123,125,140,122,113,128,125
133,127,128,122,117,125,128,130,118,128,113,143,127,124,130,136,145,131,136,128,127,137,116,145,129,122,130,127,128,122,130,118,128,126,131,122
133,123,128,120,119,121,128,128,125,134,130,133,125,127,135,141,126,132,133,130,125,142,123,132,125,129,112,128,130,126,142,130,149,130,139,123
133,127,130,110,131,125,125,147,121,125,130,128,133,134,131,130,108,128,128,125,122,119,147,145,126,116,133,137,125,128,135,124,142,119,116,120
134,127,126,141,116,101,123,120,139,127,121,137,124,118,135,123,136,133,138,124,125,116,124,125,128,117,142,132,124,126,128,135,135,114,126,128
132,121,138,121,116,130,125,131,128,117,133,123,130,130,118,142,124,124,123,124,136,116,108,130,111,124,122,105,114,121,145,123,128,116,122,122
133,128,128,124,127,145,130,121,129,131,141,128,133,114,122,111,120,130,130,122,117,129,118,128,119,130,123,124,135,131,139,125,132,133,128,119
128,132,126,128,148,139,124,123,139,136,128,131,128,133,125,135,124,134,127,125,125,133,104,135,130,119,119,143,128,127,135,132,113,125,129,126
132,129,123,121,139,145,128,128,127,137,131,128,123,124,133,128,135,125,128,122,120,138,119,137,126,123,124,121,128,129,135,128,131,123,130,122
134,120,144,122,130,136,126,124,130,143,124,133,114,130,125,119,123,124,134,120,128,122,125,147,131,124,137,134,123,126,135,130,130,129,120,119
128,126,139,114,136,128,128,134,122,127,122,114,129,119,124,126,139,130,128,125,118,140,121,118,127,128,133,120,123,135,139,123,123,119,125,124
133,125,126,126,125,125,128,124,124,128,125,131,125,122,136,131,131,121,131,128,125,121,130,145,127,133,117,123,116,129,118,132,119,128,133,120
128,128,136,141,127,114,124,126,129,128,133,137,127,131,128,133,132,134,134,121,130,113,133,118,130,143,131,133,124,130,138,117,135,116,133,122
142,124,130,133,139,111,124,125,140,130,150,135,128,130,124,112,117,132,134,128,125,126,131,130,120,132,120,135,125,130,119,122,128,117,133,119
120,128,124,135,128,124,133,127,128,113,130,142,121,133,124,117,145,123,124,131,122,134,131,126,130,122,123,139,136,125,120,140,125,130,113,122
133,123,119,101,133,122,132,128,139,142,157,133,125,128,137,154,110,115,121,122,126,124,119,122,128,127,138,118,135,126,136,116,123,130,131,128
133,125,125,128,117,137,127,128,123,132,134,126,130,128,136,120,128,115,129,128,127,118,123,144,123,123,127,122,118,132,138,128,129,123,129,120
136,127,133,133,125,120,128,130,127,140,128,133,124,127,122,128,130,122,126,125,112,130,126,128,127,128,122,136,136,120,142,130,121,129,127,130
134,127,122,123,123,129,121,130,130,119,131,127,128,126,130,120,129,124,129,113,124,120,131,116,126,123,135,118,134,131,128,119,134,134,131,125
138,131,136,115,127,111,127,128,120,120,122,134,127,128,130,132,119,127,129,125,126,117,133,128,125,125,133,131,117,125,125,113,133,132,130,125
130,127,133,125,154,116,116,131,140,135,143,126,129,119,116,130,124,137,133,124,134,128,134,122,131,138,126,139,125,110,123,138,135,128,136,122
132,125,133,128,126,125,119,119,136,147,135,144,122,112,130,138,119,123,133,122,135,118,123,130,136,133,126,147,119,128,130,134,134,107,137,128
125,126,130,119,128,119,130,122,140,128,126,136,124,133,124,152,128,128,124,122,132,122,134,119,125,138,123,119,128,139,109,112,116,132,126,131
112,132,123,130,121,117,133,123,129,117,131,125,123,143,124,141,130,136,132,124,121,122,123,138,130,132,125,130,122,122,127,131,137,126,120,130
130,127,125,124,130,126,140,122,137,121,142,119,126,116,130,136,116,122,133,128,123,108,139,146,125,129,134,128,128,125,121,129,137,119,125,125
126,132,121,136,115,115,125,139,133,128,129,120,127,118,122,142,120,129,119,121,113,131,128,128,133,113,136,131,131,126,121,144,125,139,131,121
118,135,127,139,134,128,117,136,139,119,151,129,133,128,128,127,125,139,119,135,128,136,120,118,134,125,125,111,119,130,121,135,117,133,122,131
128,118,124,139,128,134,124,127,121,131,119,134,130,128,122,123,116,133,122,132,114,128,122,130,131,124,134,128,132,123,128,139,129,131,113,130
130,124,128,120,120,133,120,130,116,122,134,126,130,109,122,118,134,128,126,119,129,133,147,133,117,132,137,130,122,126,119,134,136,119,124,132
133,127,121,116,127,125,139,113,119,126,127,135,122,128,120,113,132,120,133,121,123,116,110,146,118,122,122,142,121,128,137,124,136,128,130,125
122,128,125,136,128,114,128,124,121,125,133,131,128,139,117,133,120,122,131,124,129,125,135,120,132,135,131,129,124,128,130,120,136,145,135,125
122,128,132,128,122,115,130,130,128,113,135,136,127,135,126,128,107,129,128,128,130,115,138,119,135,132,129,133,133,128,131,119,123,139,126,131
123,128,133,125,128,118,129,124,125,130,140,132,123,129,101,133,130,130,131,124,122,124,139,128,129,124,128,126,123,126,124,126,111,127,125,132
124,128,121,133,133,124,136,130,117,128,125,122,125,139,125,128,126,127,125,128,126,121,121,131,133,122,128,131,120,132,130,136,127,135,129,126
129,131,120,118,136,126,125,127,128,127,122,127,128,123,126,112,128,130,127,125,118,118,119,119,140,129,139,125,122,127,138,145,128,140,119,122
125,135,126,131,129,128,123,112,129,127,140,135,128,123,130,139,113,134,130,130,131,137,130,119,129,126,151,130,123,131,142,125,128,127,130,130
128,121,116,129,113,119,122,127,110,134,129,137,133,126,132,122,128,135,127,137,118,120,111,128,136,134,138,131,125,127,134,120,129,116,115,137
135,122,128,138,134,133,122,127,131,136,149,130,130,118,126,131,134,121,130,132,124,123,129,145,130,131,136,119,137,130,128,132,134,113,133,132
126,123,126,123,113,142,119,138,111,135,135,139,134,113,136,133,126,139,128,119,129,137,132,128,131,122,128,118,142,122,116,113,117,128,122,130
113,118,125,128,128,138,130,121,129,143,130,127,128,125,136,128,128,123,128,119,127,136,139,136,147,145,128,122,121,127,133,137,128,125,129,124
133,126,128,122,120,136,135,115,138,138,133,136,115,128,136,131,140,125,125,125,126,145,129,124,127,134,133,120,130,124,134,120,150,110,122,133
123,129,142,125,157,124,126,123,129,149,133,135,124,123,137,142,130,130,128,130,130,124,146,128,143,135,117,116,128,131,118,136,118,141,129,126
131,126,135,109,144,109,117,132,128,118,115,136,126,124,139,122,126,118,132,125,139,134,125,130,119,121,117,117,128,131,128,127,137,127,124,122
134,137,134,129,119,121,120,134,128,142,143,128,128,128,128,139,127,119,134,120,130,130,122,132,125,135,129,119,132,127,139,118,130,138,124,133
133,130,124,124,119,130,122,134,129,135,124,130,126,119,129,137,150,123,127,125,116,118,124,131,129,141,137,128,116,126,129,131,141,119,122,123
139,136,125,129,124,118,131,121,122,127,127,130,125,128,123,148,132,134,135,125,124,127,125,131,130,132,118,127,115,119,112,130,129,119,131,124
125,133,130,132,124,128,127,121,122,125,120,119,130,125,126,122,127,120,133,129,130,129,124,130,130,138,125,127,127,137,133,107,130,132,138,118
127,118,127,125,136,133,121,117,126,143,122,139,132,130,121,128,130,122,135,132,125,128,124,122,128,137,120,139,128,130,119,136,124,128,136,122
133,132,136,124,119,116,128,108,133,122,141,133,129,123,138,129,123,129,122,115,135,119,128,120,125,127,131,145,135,132,126,149,131,127,127,125
122,133,122,128,136,127,133,132,124,138,136,130,129,110,110,147,132,118,128,108,127,117,115,137,120,113,144,132,136,128,128,133,119,139,126,127
135,122,124,121,139,123,128,134,134,116,120,124,130,128,131,118,126,115,130,112,128,131,123,132,136,130,131,126,124,134,128,121,143,126,126,124
138,132,130,122,135,139,120,128,133,134,141,147,125,128,117,145,129,131,136,127,121,139,130,125,128,131,131,134,122,120,142,130,122,123,131,127
133,126,122,125,119,138,128,132,113,126,133,138,133,126,133,123,133,121,129,125,107,127,139,130,137,124,120,128,116,136,116,125,128,134,138,124
134,128,137,119,136,137,129,131,148,113,122,118,120,126,123,119,125,132,140,130,140,139,130,124,127,134,130,126,120,117,127,141,123,126,134,123
129,128,128,116,113,136,132,118,124,132,117,121,134,125,132,121,140,130,126,129,142,145,144,128,145,137,136,133,135,134,125,118,124,116,130,126
126,125,130,122,127,128,136,127,138,124,117,122,128,133,131,121,138,138,128,128,138,133,136,117,137,123,125,140,129,137,120,119,124,118,134,125
129,128,129,123,127,122,123,130,148,142,122,148,119,123,119,133,136,134,142,132,128,145,129,132,113,123,130,150,140,133,133,134,116,121,126,127
126,128,114,130,135,128,132,107,128,109,139,121,127,133,129,118,115,129,128,129,136,118,134,129,129,127,127,135,128,134,123,125,116,116,121,120
133,129,126,117,140,131,134,126,144,131,129,127,128,128,129,147,118,139,124,131,139,120,134,137,137,118,125,130,117,134,115,134,130,116,125,124
124,130,128,116,132,135,130,128,143,134,143,133,126,130,114,147,122,125,130,132,131,121,145,119,122,118,132,117,130,146,124,138,142,128,113,123
126,135,128,138,122,133,122,126,141,130,120,120,145,130,127,132,121,148,126,126,130,125,126,116,133,128,142,137,131,122,128,128,120,136,122,143
132,132,135,134,117,119,122,131,130,134,130,131,130,125,126,129,129,134,124,143,124,129,127,132,131,127,136,121,128,120,127,117,131,130,120,142
129,130,125,137,128,124,119,129,141,107,137,130,133,125,131,128,141,135,129,140,123,123,129,128,146,139,155,130,121,122,116,116,125,125,124,138
128,126,130,134,115,145,123,127,135,130,113,117,126,132,145,114,113,114,124,119,124,139,122,148,121,133,132,119,138,122,119,120,136,124,130,123
129,130,147,132,132,122,125,133,128,137,114,140,130,134,130,113,134,132,127,122,124,127,122,142,119,133,120,134,128,131,130,117,138,123,128,121
133,128,135,120,122,115,120,127,138,135,135,138,121,139,125,136,120,132,132,122,142,127,131,133,126,132,124,116,128,111,133,129,141,120,124,122
136,128,133,128,132,136,122,130,119,140,147,134,124,133,127,119,123,137,130,110,118,154,133,129,134,123,128,138,134,130,133,129,128,125,130,126
130,124,125,128,144,126,131,127,151,140,130,128,126,128,132,124,130,126,119,124,128,132,123,128,125,127,135,132,128,136,124,133,119,136,128,131
117,128,112,128,131,136,132,114,125,126,119,139,128,139,125,142,123,129,129,119,123,128,137,125,113,118,135,139,120,130,130,127,132,128,128,125
123,134,115,132,129,128,125,122,130,123,128,125,127,133,122,137,126,128,124,128,127,136,137,134,133,117,120,135,122,128,123,133,113,128,125,129
128,109,133,127,132,129,116,125,135,128,131,138,126,107,137,137,122,135,130,127,123,121,127,123,131,126,135,129,124,123,122,126,129,131,129,133
129,127,119,142,122,128,117,125,146,126,121,125,129,118,118,117,129,133,128,132,124,118,134,131,133,122,135,114,117,123,122,115,131,129,134,130
125,126,128,131,135,131,126,122,131,131,130,134,128,128,151,138,112,129,117,116,135,108,133,136,118,145,128,130,112,120,133,133,136,134,123,126
125,128,118,118,140,112,127,128,130,122,150,115,129,127,136,126,127,127,125,125,129,118,126,128,136,113,139,128,131,133,128,128,113,125,125,127
138,131,123,121,110,130,121,124,149,136,131,123,132,143,110,133,141,122,128,112,121,137,115,140,119,123,130,135,122,127,121,133,144,126,131,125
130,131,132,120,114,130,126,135,125,128,125,134,125,130,136,127,119,122,129,123,125,119,139,136,129,125,113,124,119,129,136,115,122,133,123,119
133,123,125,121,132,125,125,130,128,130,140,123,130,125,130,132,134,123,125,110,112,122,128,136,110,139,123,122,125,123,133,132,120,134,132,119
133,126,140,124,113,111,124,123,114,139,135,128,121,113,135,107,123,128,125,125,116,128,130,132,127,130,123,122,131,128,130,119,136,113,125,119
137,133,143,121,114,110,125,142,119,127,128,145,122,122,121,128,148,129,138,128,126,116,131,132,125,128,128,124,116,118,136,139,132,130,128,124
128,126,142,138,142,118,133,125,118,116,124,131,120,130,127,129,126,125,135,125,126,140,120,128,122,134,123,135,128,120,129,129,139,132,132,130
124,128,132,129,118,134,126,123,136,148,122,136,132,118,116,119,130,118,142,123,135,142,136,130,119,137,133,131,117,134,115,134,119,130,135,123
128,131,132,125,114,138,125,117,137,124,109,137,128,130,134,128,136,118,122,129,123,123,144,130,130,122,125,126,122,122,126,124,126,133,124,127
121,128,125,150,128,124,135,135,123,124,128,113,127,126,131,118,145,127,125,120,122,141,130,111,135,124,122,127,128,130,128,130,124,133,114,128
117,125,114,121,128,134,129,124,146,132,133,126,123,128,121,138,128,128,128,127,132,142,141,133,138,114,128,134,132,119,131,122,125,128,116,126
128,132,111,124,128,135,123,125,132,128,148,129,128,135,115,130,143,134,121,130,124,129,125,127,143,121,136,131,138,125,107,128,122,119,130,123
124,129,127,139,114,130,125,128,133,143,136,136,136,125,127,142,130,127,128,133,123,133,117,115,125,124,139,121,127,118,114,128,116,145,128,136
130,119,124,116,118,117,122,125,141,126,128,130,133,119,128,112,128,120,122,138,127,127,122,117,124,126,128,134,130,128,126,128,120,136,123,133
128,132,121,128,118,132,119,115,130,120,150,133,138,133,145,125,130,124,127,133,119,139,133,128,128,114,139,122,128,126,110,133,126,118,128,130
127,125,128,142,132,120,121,120,118,124,115,124,131,126,128,113,133,119,127,128,116,136,123,134,124,129,139,116,132,125,126,130,126,132,124,130
135,125,133,136,127,134,126,136,122,128,123,121,125,128,142,130,131,115,128,132,130,136,113,146,129,129,123,110,134,121,155,116,118,125,130,127
132,125,128,117,133,126,124,134,129,133,135,136,123,122,129,116,118,123,131,124,136,130,116,128,118,121,148,123,122,127,116,138,123,122,132,126
128,126,130,112,141,124,128,125,122,122,133,139,132,126,131,137,134,136,130,122,133,109,128,134,123,126,119,124,118,120,128,127,138,120,136,122
137,122,129,121,131,124,128,122,132,138,130,133,125,119,132,127,143,128,130,115,118,124,134,135,124,137,123,114,125,120,130,128,131,128,125,125
130,125,136,133,136,123,128,133,123,131,129,132,122,126,151,114,125,122,128,122,124,146,140,139,133,123,116,121,120,120,123,119,118,130,128,121
136,126,117,108,120,137,113,126,122,126,142,142,131,127,130,120,127,121,125,127,118,130,133,128,124,119,142,127,132,131,146,137,126,126,128,114
143,136,130,125,126,111,133,118,134,157,136,110,119,125,112,140,114,121,139,126,108,121,130,123,128,134,138,142,124,126,131,139,144,129,128,129
131,136,128,129,120,142,126,128,125,139,128,114,133,124,130,128,116,125,133,126,117,112,134,126,125,137,125,142,128,127,129,136,120,123,128,117
135,128,139,120,130,133,125,130,130,136,135,126,124,127,110,122,130,133,134,130,127,117,131,139,135,131,125,125,117,132,115,129,131,130,128,120
129,125,132,128,120,125,125,128,124,133,119,120,126,131,121,130,122,128,129,123,128,133,126,121,128,121,142,126,126,127,125,125,141,131,130,119
125,133,130,123,119,112,132,120,127,107,125,130,127,125,124,120,123,131,120,128,128,119,133,115,129,113,121,133,130,144,118,142,110,123,121,127
119,132,116,119,124,128,125,118,134,130,130,133,127,134,129,125,129,116,136,140,144,127,142,115,123,130,112,131,130,129,117,124,131,130,124,126
126,129,128,128,135,126,122,127,119,127,132,110,129,133,134,137,111,113,122,133,126,135,136,118,125,128,124,133,139,135,123,129,128,136,128,122
129,130,131,135,137,139,128,123,127,127,123,118,128,127,116,119,119,128,133,134,126,128,123,131,113,133,125,127,126,136,128,128,121,145,134,121
126,130,114,123,137,113,130,110,145,110,112,128,128,126,137,120,127,124,130,127,115,124,123,141,126,129,125,133,122,130,121,123,124,117,132,124
123,118,130,128,136,146,129,119,142,136,131,127,123,126,119,127,147,106,129,130,139,133,128,131,140,117,129,122,129,121,130,123,111,113,122,125
130,123,125,122,125,121,135,131,126,118,114,110,126,128,132,129,128,125,136,135,122,141,124,119,130,128,129,129,120,125,133,128,140,128,130,135
133,133,133,122,130,116,126,130,140,136,130,128,124,136,125,112,144,126,124,110,127,140,132,126,120,132,132,129,141,128,136,129,139,126,124,117
137,123,127,130,128,137,125,132,133,139,128,118,128,125,134,128,120,124,128,124,136,149,118,140,135,127,125,127,126,125,131,123,122,139,126,119
136,132,120,126,142,119,119,125,122,137,141,130,126,120,127,120,132,135,138,125,118,114,134,123,128,132,125,117,127,125,118,122,132,117,131,127
132,135,130,111,123,128,132,146,135,136,127,131,119,128,138,126,121,132,130,121,129,122,130,138,128,119,135,135,117,123,116,133,126,120,129,124
