0,0,0,0,0,1,2,2,2,0,0,0,0,0,0,0,0,0,1,0,2,0,0,0,0,0,0,1,1,0,3,1,3,1,2,0
0,0,0,0,0,1,2,2,2,0,0,0,0,0,0,0,0,0,1,0,2,0,0,0,0,0,0,1,0,0,3,1,3,1,2,0
0,0,0,0,0,1,2,2,2,0,0,0,0,0,0,0,0,0,0,1,2,0,0,0,0,0,0,1,0,0,3,1,3,1,3,0
0,0,0,0,1,1,2,2,1,0,0,0,0,0,0,0,0,0,0,1,2,1,0,0,0,0,0,2,0,0,3,1,4,0,3,0
0,0,0,0,1,1,2,2,1,0,0,0,0,0,0,0,0,0,0,1,2,1,0,0,0,0,0,2,0,0,3,1,4,0,3,0
0,0,0,0,1,1,2,1,2,0,0,0,0,0,0,0,0,0,0,1,1,0,0,0,0,0,0,2,0,0,3,1,3,0,0,0
0,0,0,0,0,1,1,1,3,0,0,0,0,0,0,0,0,0,0,1,2,0,0,0,0,0,0,1,0,0,3,2,3,0,0,0
0,0,0,0,0,1,1,1,4,0,0,0,0,0,0,0,0,0,0,2,1,0,0,0,0,0,0,1,0,0,3,2,4,1,0,0
0,0,0,0,1,1,1,1,6,0,0,0,0,0,0,0,0,0,0,3,2,1,0,0,0,0,0,1,0,0,3,3,4,1,0,0
0,0,0,0,1,2,1,1,9,0,0,0,0,0,0,1,0,0,0,4,2,1,0,0,0,0,0,1,0,0,3,3,5,2,3,0
0,0,0,0,1,2,1,1,12,0,0,0,0,0,0,2,0,0,0,5,3,1,0,0,0,0,0,1,0,0,3,3,5,2,7,1
0,0,0,0,2,2,1,1,14,0,0,0,0,0,0,2,0,0,0,6,2,1,1,0,0,0,0,1,0,0,4,3,5,3,13,5
0,0,0,0,1,2,1,0,16,0,0,0,0,0,0,3,0,0,0,8,2,0,0,0,0,0,0,1,0,0,3,2,5,2,19,10
0,0,0,0,1,1,1,0,18,1,0,0,0,2,0,3,0,0,0,9,1,0,0,0,0,0,0,1,0,0,3,2,5,2,28,15
0,0,0,0,1,1,1,0,20,4,0,0,0,5,0,4,0,0,0,10,0,0,0,0,0,0,0,1,0,0,2,2,4,2,37,20
0,0,0,0,0,0,1,0,21,7,0,0,0,8,0,3,0,0,0,12,0,0,0,0,0,0,0,1,0,0,2,1,4,0,45,24
0,0,0,0,0,0,1,0,23,11,0,0,0,11,0,3,0,0,0,13,0,0,0,0,0,0,0,1,0,0,2,0,4,0,54,26
0,0,0,0,0,0,1,0,24,15,0,0,0,15,0,3,0,0,0,15,0,0,0,0,0,0,0,1,0,0,2,1,4,0,62,27
0,0,0,0,0,0,1,0,25,18,0,0,0,20,0,3,1,0,0,18,0,0,0,0,0,0,0,1,0,0,2,1,4,0,70,27
0,0,0,0,0,0,1,0,24,20,0,0,0,24,0,3,1,0,0,21,0,0,0,0,0,0,0,1,0,0,2,0,4,0,78,28
0,0,0,0,0,0,1,0,23,23,0,0,0,28,0,3,1,0,0,25,0,0,1,0,0,0,0,1,0,0,2,0,4,1,85,28
0,0,0,0,0,0,2,0,21,26,0,0,0,33,0,3,1,0,0,28,0,0,1,0,0,0,0,1,0,0,2,0,4,4,90,27
0,0,0,0,0,0,2,0,19,30,0,0,0,39,0,3,2,0,0,31,0,0,0,0,0,0,0,1,0,0,2,0,4,9,94,26
0,0,0,0,0,0,1,0,19,35,0,0,0,47,0,2,2,0,0,35,0,0,0,0,0,0,0,1,0,0,2,0,4,14,95,24
0,0,0,0,0,0,1,0,17,41,0,0,0,55,0,2,2,0,0,39,0,0,0,0,0,0,0,0,0,0,2,0,4,21,96,23
0,0,0,0,0,0,1,0,17,49,0,0,0,62,0,2,1,0,0,44,0,0,0,0,0,0,0,0,1,0,1,0,2,28,94,20
0,0,0,0,0,0,1,0,17,55,0,0,0,70,0,2,2,0,0,49,0,0,0,0,0,0,0,0,1,0,1,0,0,35,92,19
0,0,0,0,0,0,1,0,16,62,0,0,0,77,0,2,1,0,0,55,0,0,0,0,0,0,0,0,2,0,1,0,0,44,90,17
0,0,0,0,0,0,1,0,16,67,0,0,0,82,0,3,1,0,0,59,0,0,0,0,0,0,0,0,3,0,1,0,0,53,86,16
0,0,0,0,0,0,0,0,14,69,0,0,0,87,0,4,1,0,0,63,0,0,1,0,0,0,1,0,4,0,1,0,0,65,83,15
0,0,0,0,0,0,0,0,12,70,0,0,0,91,0,5,0,0,0,66,0,0,1,0,0,0,1,0,6,0,1,0,0,76,80,14
0,0,0,1,0,0,0,0,11,70,0,0,1,93,0,7,1,1,0,69,0,0,2,0,1,0,0,0,7,0,1,0,0,88,77,14
0,0,0,1,0,1,0,0,9,68,0,0,1,95,0,10,1,1,0,70,0,0,2,0,2,0,0,0,8,0,2,0,0,98,74,14
0,0,1,2,1,1,0,0,9,67,0,0,2,96,0,13,2,1,0,71,0,0,2,1,2,0,0,0,9,0,2,0,0,109,70,13
1,0,2,2,1,2,0,0,10,66,0,0,3,97,0,16,2,1,0,72,0,0,3,1,3,0,1,2,10,0,2,0,0,119,67,13
1,0,2,2,3,3,0,0,10,64,0,0,3,97,0,19,2,2,0,73,0,0,3,1,3,0,1,3,10,0,2,0,0,128,64,12
2,0,3,3,3,3,1,0,11,61,0,0,4,99,0,23,3,2,0,75,0,0,4,3,3,0,1,4,10,0,0,0,0,135,60,12
2,0,3,3,4,4,2,0,11,56,0,0,4,99,0,26,3,2,0,77,0,0,5,3,3,0,1,6,11,0,0,0,0,142,57,11
2,0,4,4,4,4,2,0,10,47,0,0,5,100,0,29,4,3,0,79,0,0,6,3,3,0,1,8,11,0,0,0,0,149,54,10
3,0,4,4,4,4,0,0,9,35,0,0,5,100,0,31,5,3,1,81,0,0,6,4,3,0,1,9,10,0,0,0,0,156,51,10
3,0,4,5,5,3,0,0,7,21,0,0,5,100,0,34,6,3,2,82,0,0,6,4,3,0,1,11,10,0,0,0,0,164,49,10
3,0,4,5,5,3,0,0,6,7,0,0,5,101,0,36,6,4,2,83,0,0,6,5,3,0,1,13,10,0,1,0,0,169,47,9
4,0,4,6,5,2,0,0,4,0,0,0,5,100,0,39,6,3,1,82,0,0,7,5,3,0,1,15,10,0,1,0,0,175,45,9
4,0,4,6,6,3,0,0,5,0,0,0,6,99,0,41,5,2,0,80,0,0,8,6,3,0,1,17,10,0,2,0,0,179,43,9
4,0,5,6,7,4,0,0,5,0,0,0,6,97,0,45,6,1,0,78,0,0,8,6,3,0,2,18,9,0,3,0,0,183,41,9
5,0,5,6,7,5,0,0,5,0,0,0,6,96,1,48,6,0,0,75,0,0,8,6,4,0,2,19,9,0,2,0,0,185,39,9
5,0,5,7,7,5,0,0,5,0,0,0,7,93,2,51,6,1,0,74,0,0,8,6,4,0,2,20,8,0,1,0,0,188,37,9
6,0,5,7,7,7,0,0,5,0,0,0,7,90,3,55,6,1,0,72,0,0,8,6,4,0,2,20,8,0,0,0,0,189,35,9
6,0,5,7,7,7,0,0,5,0,0,0,7,88,4,58,5,1,1,70,0,0,8,6,4,0,1,20,7,0,0,0,0,190,33,8
5,0,4,6,6,5,0,0,6,0,0,0,7,84,4,60,5,2,1,67,0,0,7,6,4,0,1,19,7,0,0,0,0,190,31,8
5,0,4,4,4,4,0,0,5,0,0,0,7,80,4,62,4,2,0,64,0,0,7,6,4,0,1,17,7,0,0,0,0,188,29,8
5,0,4,2,3,3,0,0,4,0,0,0,7,75,3,62,3,1,0,60,0,0,6,6,3,0,0,16,7,0,0,0,0,183,27,7
5,0,4,1,1,2,0,0,4,0,0,0,6,71,3,60,2,0,0,56,0,0,6,5,3,0,0,14,6,0,0,0,0,176,26,7
5,0,4,2,1,3,0,0,4,0,0,0,6,67,3,58,0,0,0,53,0,0,6,5,3,0,0,14,6,0,0,0,0,167,25,7
5,0,4,2,2,3,0,0,3,0,0,0,6,64,3,55,0,0,0,50,0,0,5,5,3,0,1,13,6,0,0,0,0,157,23,7
4,0,4,3,3,5,0,0,2,0,0,0,5,60,3,51,0,0,0,46,0,0,5,5,3,0,1,11,4,0,0,0,0,146,22,6
4,0,4,4,3,5,0,0,2,0,0,0,5,56,2,48,0,0,0,44,0,0,5,4,3,0,1,10,2,0,0,0,0,137,21,6
4,0,3,4,4,5,0,0,2,0,0,0,4,53,3,45,0,0,0,40,0,0,5,4,3,0,2,8,1,0,0,0,0,127,20,6
4,0,3,5,4,6,0,0,1,0,0,0,5,49,3,44,0,0,0,38,0,0,4,4,4,0,2,6,0,0,0,0,0,118,19,5
3,0,2,5,3,5,0,0,1,0,0,0,4,46,2,41,0,0,0,36,0,0,4,4,3,0,2,6,0,0,0,0,0,109,18,5
2,0,0,3,2,4,0,0,1,0,0,0,4,43,2,40,0,0,0,34,0,0,4,3,3,0,2,6,0,0,0,0,0,101,17,5
2,0,0,3,1,3,0,0,1,0,0,0,3,40,2,38,1,0,0,31,0,0,4,3,3,0,3,5,0,0,0,0,0,94,16,5
2,0,0,2,0,2,0,0,0,0,0,0,3,37,0,35,0,0,0,29,0,0,4,3,2,0,2,5,0,0,0,0,0,87,15,4
2,0,0,3,1,3,0,0,0,0,0,0,3,34,0,31,0,0,0,27,0,0,4,3,2,0,2,5,0,0,0,0,0,80,15,4
2,0,0,4,2,3,0,0,0,0,0,0,2,31,0,29,0,0,0,25,0,0,4,3,2,0,2,4,0,0,0,0,0,75,15,4
2,0,0,4,2,3,0,0,0,0,0,0,3,29,0,26,0,0,0,23,0,1,4,3,1,0,1,3,0,0,0,0,0,70,15,4
2,0,0,5,3,3,0,0,0,0,0,0,3,27,0,25,0,0,0,20,0,1,4,3,1,0,0,2,0,0,0,0,0,64,16,5
1,0,0,5,4,3,0,0,0,0,0,0,2,25,0,23,0,0,0,18,0,1,4,2,1,0,0,1,0,0,0,0,0,59,17,5
1,0,0,5,3,3,0,0,0,0,0,0,2,23,0,22,0,0,0,17,0,0,5,2,1,0,0,0,0,0,0,0,0,55,18,5
0,0,0,4,3,3,0,0,0,0,0,0,2,22,0,21,0,0,0,15,0,1,4,2,0,0,0,0,0,0,0,0,1,52,20,6
0,0,0,3,2,2,0,0,0,0,0,0,1,20,0,19,0,0,0,13,0,1,4,2,0,0,0,0,0,0,0,0,1,48,22,6
0,0,0,1,2,3,0,0,1,0,0,0,1,18,0,18,0,0,0,11,0,1,4,1,0,0,0,1,0,0,0,0,1,45,23,6
0,0,0,0,1,3,0,0,1,0,0,0,0,15,0,16,0,0,0,10,0,2,4,1,0,0,0,1,0,0,0,0,1,43,23,7
0,0,0,1,1,3,0,0,2,0,0,0,0,12,0,13,0,0,0,10,0,2,3,1,0,1,0,0,0,0,0,0,1,39,25,8
0,0,0,1,1,3,0,0,3,0,0,0,0,10,0,10,0,0,0,8,0,3,3,1,0,3,0,1,0,0,0,0,1,36,28,8
0,0,0,1,1,2,0,0,5,0,0,0,0,8,0,8,0,0,0,8,0,3,3,1,0,4,0,0,0,0,0,0,1,34,31,9
0,0,0,2,1,2,0,0,8,0,0,0,0,8,0,8,0,0,0,7,0,3,3,1,0,5,0,0,0,0,0,0,1,31,35,10
0,0,0,1,1,2,0,0,10,0,0,0,0,9,0,7,0,0,0,6,0,4,4,1,0,7,0,0,0,0,0,0,1,29,39,10
1,0,0,1,1,2,0,0,14,0,0,0,0,9,0,7,0,0,0,5,0,4,4,1,0,9,0,0,0,0,0,0,1,27,44,10
0,0,0,1,1,2,0,0,17,0,0,0,0,10,0,7,0,0,0,4,0,4,4,0,0,12,0,0,0,0,0,0,0,25,47,9
0,0,0,1,0,2,0,0,19,0,0,0,0,10,0,7,0,0,0,3,0,4,4,0,0,16,0,0,0,0,0,0,0,23,49,9
0,0,0,1,0,2,0,0,21,0,0,0,0,11,0,6,0,0,0,3,0,4,4,0,0,20,0,0,1,0,0,0,0,21,51,8
0,0,0,0,0,2,0,0,22,0,0,0,0,10,0,6,0,0,0,2,0,3,3,0,0,25,0,0,2,0,0,0,0,20,52,8
0,0,0,0,0,2,0,0,22,0,0,0,0,10,0,6,0,0,0,2,0,3,3,0,0,30,0,0,3,0,0,0,0,20,53,8
0,0,0,0,0,2,0,0,22,0,0,0,0,9,0,6,0,0,0,1,0,3,4,0,0,35,0,0,4,0,0,0,0,22,53,8
0,0,0,0,0,3,0,0,22,0,0,0,0,9,1,7,0,0,0,2,0,3,5,0,0,39,0,0,5,0,1,0,0,25,52,7
0,0,0,1,0,3,0,0,20,0,0,0,0,10,4,9,0,0,0,3,0,2,5,0,0,43,0,0,6,0,1,0,0,29,51,6
0,0,0,1,0,4,0,0,20,0,0,0,0,10,5,10,0,0,0,3,0,2,5,0,0,46,0,0,7,0,1,0,0,33,50,6
0,0,0,2,1,4,1,0,20,0,0,0,0,11,6,11,0,0,0,4,0,2,5,0,0,49,0,0,8,0,2,0,0,39,48,5
0,0,0,2,1,4,1,0,19,0,0,0,0,11,7,13,0,0,0,4,0,2,5,0,0,53,0,0,8,0,2,0,0,47,46,4
0,0,0,2,2,4,2,0,19,0,0,0,0,12,8,15,0,0,1,5,0,2,5,0,0,57,0,0,9,0,2,0,0,54,44,3
0,0,0,1,2,4,2,0,18,0,0,0,0,11,8,17,0,0,1,7,0,2,6,0,0,60,0,0,10,0,3,0,0,62,41,2
0,0,0,1,2,4,2,0,18,0,0,0,0,10,8,20,1,0,1,8,0,2,6,0,0,62,0,0,11,0,3,0,0,70,39,3
0,0,0,1,2,4,2,0,17,0,0,0,0,8,7,25,0,0,1,9,0,2,5,0,0,64,0,0,11,0,4,0,0,77,38,3
0,0,0,1,2,4,3,0,17,0,0,0,0,7,7,29,0,0,1,10,0,2,5,0,0,64,0,0,11,0,5,0,0,84,36,4
0,0,0,0,2,4,3,0,16,0,0,0,0,6,6,35,1,0,1,11,0,1,4,0,0,61,0,2,11,0,5,0,0,90,35,3
0,0,0,0,2,4,2,0,16,0,0,0,0,6,6,41,0,0,2,12,0,1,3,0,0,58,0,4,11,0,5,0,0,94,33,3
0,0,0,0,1,4,2,0,15,0,0,0,0,6,6,48,0,0,2,12,0,1,3,0,0,55,0,5,10,0,5,0,0,97,32,3
0,0,0,0,1,4,2,0,14,0,0,0,0,7,5,55,0,0,2,12,0,0,3,0,0,52,0,8,10,0,4,0,0,100,29,2
0,0,0,0,1,3,2,0,14,0,0,0,0,7,4,62,0,0,2,11,0,1,4,0,0,50,0,11,9,0,4,0,0,102,28,0
0,0,0,0,1,3,2,0,14,0,0,0,0,7,4,62,0,0,2,11,1,0,5,0,0,48,0,15,9,0,4,0,0,102,25,0
0,0,0,0,0,3,2,0,14,0,0,0,0,6,3,56,0,0,2,11,3,1,7,0,0,45,0,19,9,1,4,0,0,100,24,0
0,0,0,0,1,3,3,0,13,0,0,0,0,6,3,45,0,0,3,11,5,2,8,0,0,43,0,24,9,1,4,0,0,98,23,0
0,0,0,0,1,3,3,0,12,0,0,0,0,5,2,33,0,0,3,10,7,2,8,0,0,41,0,27,8,2,4,0,0,94,23,0
0,0,0,0,1,3,3,0,12,0,0,0,0,5,2,23,0,0,3,10,9,2,9,2,0,38,0,29,8,2,3,0,0,90,22,0
0,0,0,0,1,3,4,0,12,0,0,0,0,5,1,18,0,0,3,10,10,2,8,1,0,36,0,30,8,2,3,0,0,84,21,0
0,0,0,0,1,2,4,0,11,0,0,0,0,6,1,14,0,0,3,10,10,1,7,0,0,33,0,29,7,2,4,0,0,79,20,0
0,0,0,0,1,2,4,0,11,0,0,0,0,6,0,10,0,0,3,9,11,1,5,0,0,31,0,27,6,2,4,0,0,74,19,0
0,0,0,0,2,2,4,0,10,0,0,0,0,6,1,9,0,0,3,9,11,1,4,0,0,28,0,25,6,2,4,0,0,69,17,0
0,0,0,0,2,2,3,0,10,0,0,0,0,6,1,7,0,0,3,9,11,1,5,1,0,26,0,23,6,1,4,0,0,63,14,0
0,0,0,0,3,3,3,0,9,0,0,0,0,6,1,8,0,0,3,9,10,1,5,1,0,24,1,20,6,1,4,0,0,58,13,0
0,0,0,0,3,3,3,0,9,0,0,0,0,6,1,9,0,0,3,9,10,1,5,1,0,23,2,19,7,1,4,0,0,53,11,0
0,0,1,1,3,3,3,1,7,0,0,0,0,6,1,10,0,0,2,9,9,2,5,1,0,21,3,18,6,1,4,0,0,50,11,0
0,0,1,1,4,3,3,1,6,0,0,0,0,6,1,10,0,0,2,9,9,2,5,1,0,20,3,17,7,1,4,0,0,46,11,0
0,0,1,1,3,4,3,2,5,0,0,0,0,6,1,9,0,0,2,9,9,1,5,1,1,19,4,15,6,1,4,1,0,44,11,0
0,0,1,1,3,3,3,2,4,0,0,0,0,5,1,10,0,0,2,9,7,0,3,0,0,17,4,14,6,1,3,1,0,40,11,0
0,0,1,1,3,3,3,1,4,0,0,0,0,5,2,10,0,0,1,8,6,0,2,0,0,16,3,13,5,1,2,0,0,37,10,0
0,0,0,1,3,3,2,1,4,0,0,0,0,5,3,10,0,0,2,8,4,0,0,0,0,15,3,12,5,0,2,0,0,35,10,0
0,0,0,1,3,3,2,1,3,0,0,0,0,5,2,10,0,0,2,7,3,0,0,0,0,14,3,11,4,0,2,0,0,30,8,0
0,0,0,1,3,4,2,1,3,0,0,0,0,4,3,10,0,0,2,6,3,0,0,0,0,13,2,10,4,0,2,0,0,27,7,0
0,0,0,0,4,4,2,0,2,0,0,0,0,4,3,10,0,0,2,5,4,0,0,0,0,12,3,9,3,1,2,0,0,25,6,0
0,0,0,0,4,4,1,0,2,0,0,0,0,4,3,10,0,0,3,5,5,0,1,0,0,12,3,8,3,1,2,0,0,24,5,0
0,0,0,1,3,5,1,0,1,0,0,0,0,3,3,10,0,0,4,5,5,0,1,0,0,11,3,7,3,1,2,0,0,26,6,0
0,0,0,1,3,4,1,0,0,0,0,0,0,3,3,9,0,0,4,3,5,0,1,0,0,10,2,6,3,1,2,0,0,28,6,0
0,0,0,1,3,4,1,0,0,0,0,0,0,2,3,9,0,0,5,3,5,0,2,0,0,10,2,6,2,1,2,0,0,32,8,0
0,0,0,1,4,4,0,0,0,0,0,0,0,2,3,9,0,0,6,1,3,0,1,0,0,9,2,5,2,0,2,0,0,37,8,0
0,0,0,1,4,3,0,0,0,0,0,0,0,1,3,8,0,0,7,0,1,0,0,1,0,8,2,4,2,0,2,0,3,41,9,0
0,0,0,0,4,3,0,0,0,0,0,0,0,1,3,7,0,0,8,0,0,0,0,1,0,7,2,3,1,0,1,0,5,46,10,0
0,0,0,0,3,3,0,0,2,0,0,0,1,1,3,7,0,0,9,0,0,0,0,1,0,6,2,3,1,0,1,0,5,49,8,0
0,0,0,0,3,3,0,0,4,0,0,0,2,1,3,6,0,0,9,0,0,0,0,1,0,5,2,2,1,0,0,0,5,53,8,0
0,0,0,0,3,3,0,0,7,0,0,0,4,1,3,5,0,0,9,0,0,0,0,1,0,4,2,2,1,0,0,0,6,58,7,0
0,0,0,0,3,2,0,0,9,0,0,0,4,1,2,2,0,0,9,0,0,0,1,2,0,4,1,1,1,0,1,0,7,64,7,0
0,0,0,0,3,2,0,0,11,0,0,0,6,1,2,0,0,0,8,0,0,0,2,2,0,3,2,1,1,0,1,0,10,72,9,1
0,0,0,0,2,1,0,0,13,0,0,0,7,0,1,0,0,0,7,0,0,0,3,3,0,2,2,1,1,0,1,0,13,81,10,1
0,0,0,0,2,0,0,0,15,0,0,0,7,0,2,0,0,0,6,0,0,0,4,3,0,2,2,1,2,0,1,0,17,91,10,1
0,0,0,0,2,0,0,0,15,0,0,0,7,0,3,0,0,0,4,0,0,0,5,3,0,2,2,0,2,0,1,0,21,100,10,1
0,0,0,0,1,0,0,0,17,0,0,0,7,0,6,0,0,0,1,0,0,0,5,3,0,2,2,0,2,0,1,0,26,108,10,1
0,0,0,0,1,0,0,0,17,0,0,0,8,0,11,0,0,0,0,0,0,0,5,3,0,3,2,0,2,0,1,0,33,116,10,1
0,0,0,0,1,0,0,0,16,0,0,0,7,0,17,0,0,0,0,0,0,0,5,3,0,3,2,0,2,0,0,0,38,121,10,2
1,0,0,0,1,1,0,0,16,0,0,0,7,0,26,0,0,0,0,0,0,0,5,2,0,3,2,0,2,0,0,0,46,125,9,2
1,0,0,0,1,1,0,0,15,0,0,0,7,0,34,0,0,0,0,0,0,0,5,2,0,5,2,0,2,0,0,0,53,128,9,2
0,0,0,0,1,1,0,0,15,0,0,0,6,0,44,0,0,0,0,0,0,0,5,2,0,7,2,0,2,0,0,0,62,129,9,2
1,0,0,0,0,0,0,0,14,0,0,1,7,0,53,0,0,0,0,0,0,0,6,2,0,9,1,0,2,0,0,0,73,131,9,2
1,0,0,0,0,0,0,0,13,0,0,1,7,0,60,0,0,0,0,0,0,0,6,3,0,12,1,0,2,0,0,0,84,131,9,2
1,0,1,0,0,0,0,0,11,0,0,1,7,0,65,0,0,0,0,4,0,0,6,2,0,14,0,0,2,0,0,0,95,131,9,2
1,0,1,0,0,0,0,0,10,0,0,2,7,0,67,0,0,0,0,7,0,0,6,2,0,18,0,0,3,0,0,0,104,130,8,3
1,0,1,0,0,0,0,0,10,0,1,2,6,0,67,0,0,0,0,11,0,0,7,3,0,23,0,0,3,0,0,0,114,126,9,2
0,0,1,0,0,0,0,0,10,0,1,3,6,0,65,0,0,0,0,16,0,0,7,3,0,29,0,0,3,0,0,0,124,124,9,2
0,0,1,0,0,0,0,0,10,0,1,3,6,0,62,0,0,0,0,22,0,0,7,3,0,36,0,0,2,0,0,0,133,120,8,2
0,0,0,0,0,0,0,0,10,0,1,3,6,0,59,0,0,0,0,29,0,0,7,3,0,44,0,0,2,0,0,0,141,116,8,2
0,0,1,0,0,0,0,0,10,0,1,3,6,0,56,0,0,0,0,37,0,0,7,3,0,52,0,0,2,0,0,0,149,111,8,3
0,0,0,0,1,0,0,0,9,0,2,3,6,0,54,0,0,0,0,43,0,2,8,3,0,62,0,0,2,0,0,0,157,105,8,3
0,0,0,0,0,0,0,0,9,0,2,2,6,0,51,0,0,0,0,48,0,5,8,3,0,71,0,0,2,0,0,0,166,100,7,3
0,0,0,0,0,0,0,0,8,0,2,2,6,0,48,0,0,0,0,51,0,9,8,3,0,80,0,0,2,0,0,0,176,96,7,3
0,0,0,0,0,0,0,0,7,0,2,2,6,0,46,0,0,0,0,52,0,14,7,3,0,89,0,0,3,0,0,0,184,91,7,3
0,0,0,0,0,0,0,0,7,0,2,2,6,0,43,0,0,0,0,50,0,20,7,3,0,96,0,0,3,0,0,0,193,86,7,3
0,0,0,0,0,0,0,0,6,0,2,1,6,0,40,0,0,0,0,48,0,26,7,3,0,102,0,0,3,0,0,0,202,81,7,3
1,0,0,0,0,0,0,0,6,0,2,1,6,0,37,0,0,0,0,45,0,30,7,3,0,106,0,0,3,0,0,0,208,76,7,3
1,0,0,0,0,0,0,0,5,0,3,1,6,0,36,0,0,0,0,42,0,33,7,3,0,109,0,0,2,0,0,0,214,71,7,3
1,0,0,0,0,0,0,0,5,0,3,1,6,0,33,0,0,0,0,40,0,35,7,3,0,110,0,0,0,0,0,0,216,67,7,3
1,0,0,0,0,0,0,0,6,0,3,2,6,0,31,0,0,0,0,39,0,37,7,3,0,109,0,0,0,0,0,0,215,62,8,3
2,0,0,0,1,0,0,0,6,0,3,2,6,0,29,0,0,0,0,37,0,36,7,3,0,108,0,0,0,0,0,0,209,58,7,4
2,0,0,0,0,0,0,0,6,0,3,2,6,0,28,0,0,0,0,36,0,36,6,3,0,103,0,0,0,0,0,0,202,55,7,4
2,0,0,0,0,0,0,0,6,0,3,1,7,1,26,0,0,0,0,34,0,34,6,4,0,99,0,0,0,0,0,0,191,51,7,3
2,0,0,0,0,0,0,0,6,0,3,1,6,1,25,0,0,0,0,33,0,33,6,4,0,94,0,0,0,0,0,0,180,48,8,3
2,0,0,0,0,0,0,0,6,1,3,1,6,1,24,0,0,0,0,31,0,31,6,4,1,89,0,0,0,0,0,0,168,45,8,3
2,0,0,0,0,0,0,0,6,1,3,1,6,1,23,0,0,0,0,30,0,29,6,4,1,83,0,0,0,0,0,0,157,43,8,3
2,0,0,0,0,0,0,0,5,1,3,2,6,1,22,0,0,0,0,28,0,27,5,4,1,78,0,0,1,0,0,0,146,40,8,3
2,0,0,0,0,0,0,0,5,1,3,2,6,1,21,0,0,0,0,26,0,26,5,3,1,73,0,0,0,0,0,0,136,37,9,3
1,0,0,0,0,0,0,0,6,2,3,2,7,2,20,0,0,0,0,25,0,24,5,3,2,69,0,0,0,0,0,0,126,35,9,3
1,0,1,0,0,0,0,0,6,2,3,2,7,2,19,0,0,0,0,24,0,22,5,3,2,64,0,0,0,0,0,0,115,32,7,1
0,0,0,0,0,0,0,0,4,1,2,1,5,1,17,0,0,0,0,21,0,19,3,1,1,59,0,0,0,0,0,0,104,27,4,0
0,0,0,0,0,0,0,0,2,0,0,1,4,0,14,0,0,0,0,18,0,16,3,0,0,53,0,0,0,0,0,0,93,22,1,0
0,0,0,0,0,0,0,0,1,0,0,0,3,0,11,0,0,0,0,15,0,14,2,0,0,48,0,0,0,0,0,0,82,17,0,0
0,0,0,0,0,0,0,0,0,0,0,0,2,0,8,0,0,0,0,12,0,11,1,0,0,43,0,0,0,0,0,0,75,15,0,0
0,0,0,0,0,0,0,0,1,0,0,0,3,0,8,0,0,0,0,12,0,11,2,0,0,39,0,0,0,0,0,0,69,14,0,0
0,0,0,0,0,0,0,0,3,0,0,0,4,0,7,0,0,0,0,12,0,10,3,0,0,36,0,0,0,0,0,0,64,14,1,0
0,0,0,0,0,0,0,0,5,0,1,0,5,0,7,0,0,0,0,12,0,9,5,0,0,34,0,0,0,0,0,0,59,14,2,2
0,0,0,0,0,0,0,0,5,0,2,0,6,1,7,0,0,0,0,12,0,10,6,0,1,31,0,0,0,0,0,0,54,15,4,8
0,0,0,0,0,0,0,0,7,0,2,0,6,4,5,0,0,0,0,12,0,10,7,0,1,28,0,0,0,0,0,0,50,15,6,14
0,0,0,0,0,0,0,0,7,1,3,0,6,5,6,0,0,0,0,14,0,10,7,0,2,26,0,0,0,0,0,0,47,15,6,22
0,0,0,0,0,0,0,0,8,3,3,0,7,7,5,0,0,0,0,13,0,9,8,0,2,24,0,0,0,0,0,0,44,15,7,27
0,0,0,0,0,0,0,0,10,6,3,0,8,9,5,0,0,0,0,12,0,8,8,0,2,22,0,0,0,0,0,0,40,15,9,31
0,0,0,0,0,0,0,0,12,8,3,0,8,11,5,0,0,0,0,12,0,8,8,0,2,20,0,0,0,0,0,0,38,15,9,34
0,0,0,0,0,0,0,0,13,11,2,0,8,12,5,0,0,0,0,11,0,6,8,0,3,18,0,0,0,0,0,0,33,13,10,35
0,0,0,0,0,0,0,0,14,13,2,0,8,14,5,0,0,0,0,12,0,6,8,0,3,17,0,0,0,0,0,0,29,11,11,37
0,0,0,0,0,0,0,0,14,15,2,0,9,15,6,0,0,0,0,13,0,6,8,0,3,15,0,0,0,0,0,0,26,10,13,38
0,0,0,0,0,0,0,0,15,17,2,0,9,17,5,0,0,0,0,13,0,6,8,0,3,14,0,0,0,0,0,0,22,9,15,40
0,0,0,0,0,0,0,0,13,19,1,0,9,19,5,0,0,0,0,14,0,5,8,0,2,13,0,0,0,0,0,0,21,9,19,41
0,0,0,0,0,0,0,0,12,22,1,0,8,21,5,0,0,0,0,14,0,5,8,1,3,12,0,0,0,0,0,0,20,10,23,42
0,0,0,0,0,0,0,0,11,24,1,0,9,23,4,1,0,0,0,15,0,5,8,1,3,11,0,0,0,0,0,0,18,9,30,43
0,0,0,0,0,0,0,0,10,20,0,0,8,25,4,1,0,0,0,14,0,5,8,1,2,10,0,0,0,0,0,0,17,10,37,44
1,0,0,0,0,0,0,0,11,18,0,0,8,28,4,1,0,0,0,14,0,5,8,1,2,10,0,0,0,0,0,0,16,9,46,45
1,0,0,0,0,0,0,0,11,16,0,0,7,32,3,2,0,0,0,14,0,5,7,1,1,9,0,0,0,0,0,0,15,9,57,44
0,0,0,0,0,0,0,0,12,13,0,0,6,36,2,2,0,0,0,14,0,5,7,1,1,8,0,0,0,0,0,0,13,8,67,43
0,0,0,0,0,0,0,0,13,15,0,0,6,41,2,2,0,0,0,17,0,5,6,0,1,6,0,0,0,0,0,0,11,8,77,41
1,0,0,0,0,0,0,0,15,15,0,0,7,46,2,2,0,0,0,20,0,5,6,1,1,6,0,0,0,0,0,0,9,7,85,39
1,0,0,0,0,0,0,0,16,15,0,0,7,51,2,3,0,0,0,23,0,5,6,1,1,5,0,0,0,0,0,0,7,7,92,36
1,0,0,0,0,0,0,0,16,15,0,0,7,55,2,4,0,0,0,26,0,5,6,1,2,5,0,0,0,0,0,0,7,6,97,34
2,0,0,0,0,0,0,0,16,15,0,0,8,58,2,5,0,0,0,28,0,5,6,1,3,4,0,0,0,0,0,0,6,6,99,32
2,0,0,0,0,0,0,0,16,16,0,0,8,60,2,7,0,0,0,30,0,5,6,1,3,3,0,0,1,0,0,0,6,6,100,30
2,0,0,0,0,0,0,0,16,15,0,0,8,60,1,10,0,0,0,29,0,4,6,1,3,3,0,0,2,0,0,0,6,7,99,28
3,0,0,0,0,0,0,0,16,15,0,0,8,58,2,14,0,0,0,29,0,4,6,1,3,2,0,0,3,0,0,0,5,8,97,27
3,0,1,0,0,0,0,0,15,14,0,0,8,57,2,20,0,0,0,28,0,4,6,1,3,1,0,0,4,0,0,0,5,10,95,25
2,0,1,0,0,0,0,0,15,14,0,0,8,54,2,28,0,0,0,26,2,3,5,1,3,1,0,0,3,0,0,0,5,13,92,24
2,0,1,0,0,0,0,0,15,13,0,0,8,52,3,38,0,0,0,26,5,3,5,1,3,1,0,0,3,0,0,0,4,17,89,22
2,0,1,0,0,0,0,0,15,13,0,0,8,49,4,48,0,0,0,26,8,2,5,1,3,1,0,0,3,0,0,0,4,23,87,21
2,0,1,0,0,0,0,0,15,12,0,0,8,47,5,57,0,0,0,26,12,1,5,1,3,0,0,0,3,0,0,0,4,28,83,20
2,0,2,0,0,0,0,0,14,13,0,0,9,44,5,64,0,0,0,24,16,1,6,1,3,1,0,0,3,0,0,0,4,34,80,18
2,0,2,0,0,0,0,0,14,12,0,0,9,42,5,68,0,0,0,23,21,1,6,2,4,1,2,0,5,0,0,0,4,40,77,18
3,0,2,0,0,0,0,0,13,8,0,0,8,39,5,70,0,0,0,23,26,1,6,2,4,1,4,0,6,0,0,0,4,46,74,16
3,0,1,0,0,0,0,0,13,6,0,0,8,37,5,68,0,0,0,22,31,1,6,2,4,1,7,0,7,0,0,0,3,53,71,15
3,0,2,0,0,0,0,0,12,3,0,0,8,36,5,65,0,0,0,20,36,2,7,2,4,2,11,0,8,0,0,0,3,59,68,15
4,0,2,0,0,0,0,0,11,0,0,0,8,34,4,60,0,0,0,20,41,3,7,3,5,2,16,0,8,0,0,0,3,67,66,14
3,0,2,0,0,0,0,0,11,1,0,0,8,32,4,57,0,0,0,19,45,5,7,4,5,2,20,0,6,0,0,0,2,74,64,13
4,0,2,0,0,0,0,0,10,0,0,0,7,29,3,52,0,0,0,18,45,6,6,2,4,0,22,0,4,0,0,0,0,79,59,11
2,0,0,0,0,0,0,0,7,0,0,0,4,24,0,47,0,0,0,14,41,5,3,0,1,0,21,0,0,0,0,0,0,79,54,8
1,0,0,0,0,0,0,0,5,0,0,0,1,19,0,41,0,0,0,10,38,4,0,0,0,0,19,0,0,0,0,0,0,77,48,5
0,0,0,0,0,0,0,0,2,0,0,0,0,16,0,36,0,0,0,7,34,2,0,0,0,0,16,0,0,0,0,0,0,72,43,3
0,0,0,0,0,0,0,0,2,0,0,0,0,14,0,33,0,0,0,5,31,1,0,0,0,0,14,0,0,0,0,0,0,67,39,0
0,0,0,0,0,0,0,0,2,0,0,0,0,14,0,32,0,0,0,6,31,0,0,0,0,0,14,0,0,0,0,0,0,62,36,0
0,0,0,0,0,0,0,0,2,0,0,0,0,13,0,30,0,0,0,6,29,1,0,0,0,0,13,0,0,0,0,0,0,58,35,0
0,0,0,0,0,0,0,0,2,0,0,0,0,13,0,29,0,0,0,6,29,2,0,0,0,0,13,0,0,0,0,0,0,54,34,0
0,0,0,0,0,0,0,0,2,0,0,0,0,11,0,27,0,0,0,6,28,2,0,0,0,0,12,0,0,0,0,0,0,48,30,0
0,0,0,0,0,0,0,0,0,0,0,0,0,8,0,24,0,0,0,5,25,1,0,0,0,0,11,0,0,0,0,0,0,41,27,0
0,0,0,0,0,0,0,0,0,0,0,0,0,5,0,22,0,0,0,3,22,0,0,0,0,0,9,0,0,0,0,0,0,35,22,0
0,0,0,0,0,0,0,0,0,0,0,0,0,2,0,19,0,0,0,1,20,0,0,0,0,0,8,0,0,0,0,0,0,29,18,0
0,0,0,0,0,0,0,0,0,0,0,0,0,0,0,17,0,0,0,0,17,0,0,0,0,0,6,0,0,0,0,0,0,25,16,0
0,0,0,0,0,0,0,0,0,0,0,0,0,1,0,17,0,0,0,0,16,0,0,0,0,0,6,0,0,0,0,0,0,24,16,0
0,0,0,0,0,0,0,0,1,0,0,0,0,1,0,16,0,0,0,0,15,0,0,0,0,0,6,0,0,0,0,0,0,22,17,0
0,0,0,0,0,0,0,0,2,0,0,0,0,1,0,15,0,0,0,0,15,0,0,0,0,0,6,0,0,0,0,0,0,20,19,0
0,0,0,0,0,0,0,0,4,0,0,0,0,1,0,14,0,0,0,0,12,0,1,0,0,0,5,0,0,0,0,0,0,19,24,0
0,0,0,0,0,0,0,0,7,0,0,0,0,1,0,13,0,0,0,0,11,0,1,0,0,0,6,0,0,0,0,0,0,18,28,1
0,0,0,0,0,0,0,0,11,0,0,0,0,2,0,13,0,0,0,0,9,0,1,0,0,0,5,0,0,0,0,0,0,17,33,3
0,0,0,0,0,0,0,0,15,0,0,0,0,2,0,13,0,0,0,0,7,0,2,0,0,0,5,0,0,0,0,0,0,16,40,5
0,0,0,0,0,0,0,0,18,0,0,0,0,2,0,12,0,0,0,0,6,0,2,0,0,0,5,0,0,0,0,0,0,15,47,7
0,0,0,0,0,0,0,0,23,0,0,0,0,3,0,12,0,0,0,0,6,0,2,0,0,0,4,0,0,0,0,0,0,14,54,9
0,0,0,0,0,0,0,0,28,0,0,0,0,3,0,12,0,0,0,0,6,0,2,0,0,0,4,0,0,0,0,0,0,13,61,11
0,0,0,0,0,0,0,0,32,0,0,0,1,4,0,11,0,0,0,0,5,0,2,0,0,0,4,0,0,0,0,0,0,13,70,12
0,0,0,0,0,0,0,0,37,0,0,0,1,5,0,11,0,0,0,0,4,1,3,0,0,0,4,0,0,0,0,0,0,12,79,13
0,0,0,0,0,0,0,0,41,0,0,0,2,6,0,11,0,0,0,0,3,1,4,0,0,0,5,0,0,0,0,0,0,11,89,13
0,0,0,0,0,0,0,0,44,0,0,0,4,7,0,10,0,0,0,0,3,2,4,0,0,0,5,0,0,0,0,0,0,11,100,13
0,0,0,0,0,0,0,0,47,0,0,0,4,8,0,10,0,0,0,0,1,2,4,0,0,0,5,0,0,0,0,0,0,10,111,13
0,0,0,0,0,0,0,0,48,0,0,0,4,8,1,10,0,0,0,0,1,3,5,0,0,0,5,0,0,0,0,0,0,9,122,13
0,0,0,0,0,0,0,0,48,0,0,0,5,9,3,9,0,0,0,0,0,3,4,0,0,0,4,0,0,0,0,0,0,8,132,12
0,0,0,0,0,0,0,0,48,0,0,0,5,9,5,9,0,0,0,0,0,2,4,0,0,0,4,0,0,0,0,0,0,6,141,11
0,0,0,0,0,0,0,0,47,0,0,0,6,9,7,9,0,0,0,0,0,2,5,0,0,0,5,0,0,0,0,0,0,5,149,11
0,0,0,0,0,0,0,0,45,0,0,0,6,9,9,8,0,0,0,3,0,3,4,0,0,0,4,0,0,0,0,0,0,3,156,10
0,0,0,0,0,0,0,0,43,0,0,0,7,9,12,8,0,0,0,6,0,3,3,0,0,0,4,0,0,0,0,0,0,2,161,9
0,0,0,0,0,0,0,0,42,0,0,0,7,10,14,9,0,0,0,9,0,3,3,0,0,0,3,0,0,0,0,0,0,1,164,9
0,0,0,0,0,0,0,0,41,0,0,0,7,10,15,10,0,0,0,12,0,3,3,0,0,0,3,0,0,0,0,0,0,1,167,8
0,0,0,0,0,0,0,0,39,0,0,0,7,10,15,10,0,0,0,15,0,4,4,0,1,0,3,0,0,0,0,0,0,0,169,8
1,0,0,0,0,0,0,0,38,0,0,0,7,10,14,13,0,0,0,18,0,4,4,0,2,1,4,0,0,0,0,0,1,0,171,8
1,0,0,0,0,0,0,0,36,0,0,0,7,10,13,17,0,0,0,19,0,4,4,0,2,1,4,0,0,0,0,0,1,0,171,7
1,0,0,0,0,0,0,0,35,0,0,0,7,11,11,26,0,0,0,20,0,4,4,0,3,1,4,0,0,0,0,0,1,0,170,7
2,0,0,0,0,0,0,0,33,0,0,0,7,10,11,37,0,0,0,22,2,4,4,0,3,1,4,0,0,0,0,0,1,0,169,7
2,0,0,0,0,0,0,0,32,0,0,0,7,10,11,50,0,0,0,23,7,3,4,0,2,2,4,0,0,0,0,0,1,0,166,7
2,0,0,0,0,0,0,0,30,0,0,0,6,9,10,61,0,0,0,22,14,2,4,0,2,2,5,0,0,0,0,0,0,0,164,6
2,0,0,0,0,0,0,0,29,0,0,0,6,9,10,69,0,0,0,22,23,2,4,0,2,1,8,0,0,0,0,0,0,0,160,6
1,0,0,0,0,0,0,0,27,0,0,0,6,8,10,73,0,0,0,22,32,2,4,0,2,1,11,0,0,0,0,0,0,2,156,6
2,0,0,0,0,0,0,0,26,0,0,0,6,9,10,73,0,0,0,21,44,3,4,0,2,1,16,0,0,0,0,0,0,5,152,6
2,0,0,0,0,0,0,0,25,0,0,0,5,7,8,70,0,0,0,21,57,2,4,0,2,1,22,0,0,0,0,0,0,11,146,6
3,0,0,0,0,0,0,0,23,0,0,0,4,5,6,66,0,0,0,21,69,3,4,0,2,1,28,0,0,0,0,0,0,17,141,6
3,0,0,0,0,0,0,0,21,0,0,0,3,3,4,61,0,0,0,20,80,5,4,0,2,1,35,0,1,0,1,0,0,24,136,6
4,0,0,0,0,0,0,0,20,0,0,1,3,2,3,57,0,0,0,20,89,6,4,1,2,0,40,0,0,0,1,0,0,31,131,5
4,0,0,0,0,0,0,0,19,1,0,1,3,2,3,54,0,0,0,19,96,9,5,2,2,0,45,0,0,0,1,0,0,37,125,5
4,0,0,0,0,0,0,0,18,2,0,3,3,2,3,51,0,0,0,19,100,11,5,2,1,0,49,0,0,0,1,0,0,43,120,5
4,0,0,0,0,0,1,0,17,3,1,3,4,3,3,49,0,0,0,18,103,14,5,3,1,0,52,0,0,0,2,0,0,46,115,5
2,0,0,0,0,0,1,0,16,4,3,4,4,3,2,46,0,0,1,18,104,16,6,4,2,0,56,0,0,0,2,0,0,48,111,5
0,0,0,0,0,1,2,0,16,5,3,5,4,3,2,44,0,0,1,18,103,17,6,5,2,0,59,0,0,0,2,1,0,49,105,5
0,0,0,0,0,1,2,0,15,5,4,5,5,4,2,42,0,0,2,18,101,18,6,5,4,0,60,0,0,0,2,1,0,47,100,5
0,0,0,0,0,1,3,1,14,6,6,5,4,3,1,39,0,0,2,17,97,19,6,6,4,0,59,0,0,0,3,2,0,44,95,5
0,0,0,0,0,1,3,2,14,7,6,4,3,2,0,36,0,0,2,17,92,18,6,6,4,0,58,0,0,0,3,2,0,41,91,5
0,0,0,0,0,1,4,2,14,7,7,3,2,1,0,34,0,0,2,17,87,18,7,5,4,0,55,0,0,0,3,2,0,38,87,5
0,0,0,0,1,2,4,2,14,7,7,2,0,0,0,31,0,0,2,16,81,16,6,5,2,0,50,0,0,0,2,2,0,35,82,5
0,0,0,0,1,2,4,2,14,7,7,3,1,1,0,29,0,0,2,15,76,15,6,4,1,0,46,0,0,0,2,2,0,32,77,5
0,0,0,0,1,2,4,3,13,8,7,3,1,2,0,28,0,0,2,14,71,14,6,4,0,0,41,0,0,0,2,2,0,30,73,4
0,0,0,0,3,2,4,3,13,8,7,3,2,2,0,27,0,0,2,14,66,14,6,3,0,0,38,0,1,0,3,3,0,28,70,4
0,0,0,0,3,2,5,4,12,8,7,4,2,2,1,25,0,0,3,14,61,14,5,3,0,0,36,0,1,0,3,3,0,25,66,4
0,0,0,0,3,2,5,4,12,8,7,4,2,3,1,24,0,0,3,14,58,13,5,3,0,0,34,0,1,0,4,3,0,24,63,3
0,0,0,0,3,2,5,4,12,8,8,4,2,3,2,23,0,0,3,13,54,13,5,3,0,0,33,0,2,0,4,3,0,21,59,3
0,0,0,0,3,2,5,4,11,8,6,2,1,1,1,22,0,0,3,12,50,13,6,3,0,0,32,0,2,0,4,3,0,19,56,3
0,0,0,0,4,2,5,4,11,8,5,1,0,0,1,20,0,0,3,12,47,13,5,3,1,0,30,0,2,0,4,3,0,17,53,3
0,0,0,0,3,2,4,4,10,8,4,0,0,0,1,20,0,0,3,11,44,12,5,3,0,0,28,0,2,0,4,2,0,16,50,3
0,0,0,0,3,2,4,4,10,8,3,0,0,0,1,18,0,0,2,11,40,12,4,1,0,0,26,0,2,0,3,2,0,16,47,3
0,0,0,0,3,2,4,3,9,7,3,0,0,0,1,17,0,0,2,10,37,12,3,0,0,0,24,0,2,0,3,2,0,16,45,3
0,0,0,0,3,2,3,3,9,3,1,0,0,1,1,16,0,0,2,9,34,11,3,0,0,0,23,0,3,1,2,3,0,16,44,3
0,0,0,1,3,3,3,3,8,0,0,0,0,5,1,16,0,0,2,8,32,11,3,0,0,0,21,0,3,1,2,3,0,17,41,2
0,0,0,2,3,3,2,3,8,0,0,0,0,8,2,16,0,1,2,7,30,10,4,0,0,0,20,0,4,2,2,3,0,17,39,0
0,0,0,2,3,3,2,2,8,0,0,0,0,12,2,12,0,0,3,7,28,10,5,0,0,0,19,0,4,2,1,3,1,18,37,0
0,0,0,2,3,3,1,2,7,0,0,0,0,16,2,9,0,0,4,6,25,10,6,0,2,0,18,0,5,2,1,3,1,18,35,0
0,0,0,2,4,3,1,1,6,0,0,0,0,19,3,5,0,0,5,5,24,10,6,0,4,0,17,0,5,2,1,3,1,18,35,0
0,0,0,2,3,3,1,1,6,0,0,0,0,23,3,2,0,0,6,4,22,10,6,0,5,0,16,0,5,2,0,2,1,19,36,0
0,0,0,2,3,3,1,0,6,0,0,0,0,26,3,2,0,0,7,2,20,9,6,0,7,0,15,0,5,2,0,2,1,20,35,0
0,0,0,2,3,3,1,0,6,0,0,0,0,27,3,2,0,0,9,1,18,8,4,0,7,0,14,0,5,1,0,2,1,23,35,0
0,0,0,2,3,3,1,0,6,0,0,0,0,29,3,2,0,0,10,0,16,6,3,0,5,0,13,0,4,1,0,1,1,27,35,0
0,0,0,2,3,3,1,0,6,0,0,0,0,29,3,2,0,0,12,0,14,5,1,0,4,0,13,0,4,2,0,2,2,34,35,0
0,0,0,2,3,4,0,0,6,0,0,0,0,29,4,3,0,0,13,0,13,4,0,0,3,0,12,0,4,2,0,1,2,41,34,0
0,0,0,2,3,4,1,0,5,0,0,0,0,28,7,3,0,0,14,0,13,4,0,0,3,0,12,0,4,1,0,1,3,52,33,0
0,0,0,1,3,4,0,0,5,0,0,0,0,28,9,4,0,0,14,0,12,4,1,0,3,3,12,0,4,1,1,0,3,65,31,0
0,0,0,2,3,4,0,0,5,0,0,0,0,26,12,4,0,0,14,2,12,4,1,0,3,9,11,0,4,1,1,0,3,79,30,0
0,0,0,2,3,4,1,0,4,0,0,0,0,26,16,4,0,0,14,5,12,4,2,0,4,16,11,0,4,1,2,1,4,94,29,0
0,0,0,2,3,4,1,0,3,0,0,0,0,24,19,4,0,0,14,8,12,4,2,0,4,22,10,0,4,1,2,0,4,108,28,0
0,0,0,2,3,4,1,0,2,0,0,0,0,23,23,5,0,0,14,13,12,4,2,0,5,29,10,0,4,1,2,0,3,122,27,0
0,0,1,1,3,3,1,0,1,0,0,0,0,22,26,4,0,0,13,17,12,2,1,0,5,35,9,0,4,1,3,0,3,135,27,0
0,0,1,1,3,3,0,0,1,0,0,0,1,20,30,4,0,0,13,24,10,1,1,0,4,42,9,0,3,1,3,0,3,146,26,0
0,0,1,1,2,3,0,0,2,0,0,0,1,20,33,4,0,0,13,28,10,0,0,0,4,50,8,0,3,1,3,0,3,155,25,1
0,0,1,1,3,3,0,0,3,0,0,0,2,19,36,5,0,0,13,34,9,0,0,0,3,56,8,1,4,1,3,0,3,160,22,0
0,0,2,1,3,3,0,0,3,0,0,0,3,19,38,5,0,0,13,40,11,0,0,0,3,63,7,2,4,2,2,0,3,161,20,0
0,0,2,1,3,2,0,0,4,0,0,0,4,19,40,5,0,0,13,46,13,0,0,0,4,70,6,3,4,2,2,0,4,160,19,0
0,0,2,1,4,2,1,0,4,0,0,0,4,19,42,5,0,0,13,53,16,0,1,0,4,76,6,4,4,2,3,0,6,158,17,0
0,0,3,1,4,3,1,0,2,0,0,0,5,18,42,5,0,0,13,60,19,0,2,0,4,82,5,5,4,2,3,0,11,157,16,0
0,0,3,1,4,3,2,0,1,0,0,0,5,17,41,5,0,0,13,67,23,0,3,0,3,88,4,5,4,2,3,0,16,154,16,0
0,0,3,1,4,3,2,0,0,0,0,0,5,16,40,5,0,0,12,73,27,0,3,0,4,93,3,5,3,2,3,0,23,151,15,0
0,0,2,0,3,3,2,0,0,0,0,0,4,16,39,4,0,0,12,77,29,0,2,0,4,97,3,5,3,2,3,0,29,148,15,0
0,0,2,0,3,3,2,0,0,0,0,0,4,15,37,4,0,0,11,78,31,0,1,0,4,101,2,5,3,2,3,0,36,144,14,0
0,0,2,0,3,3,2,0,0,0,0,0,4,14,36,3,0,0,11,79,32,0,0,0,3,104,1,5,3,2,3,0,42,141,13,0
0,0,2,0,3,2,1,0,0,0,0,0,5,14,35,3,0,0,11,77,34,0,0,0,4,106,1,6,3,2,2,0,46,137,11,0
0,0,1,0,3,2,1,0,0,0,0,0,5,13,33,2,0,0,10,76,37,1,0,0,4,106,1,6,3,1,2,0,48,133,9,0
1,0,1,0,2,2,2,0,0,0,0,0,5,12,32,2,0,0,10,73,41,5,1,0,4,105,1,7,3,1,2,0,52,129,7,0
1,0,1,0,2,3,1,0,0,0,0,0,5,11,30,1,0,0,10,71,44,9,2,1,5,102,2,7,3,1,2,0,54,125,5,0
2,0,1,0,2,2,0,0,0,0,0,0,6,11,28,1,0,0,10,67,48,13,3,1,5,99,2,7,2,1,2,0,58,123,5,0
2,0,0,0,1,2,0,0,0,0,0,0,6,11,27,1,0,0,9,64,51,17,3,1,6,95,2,7,2,1,2,0,61,121,5,0
2,0,0,0,1,3,0,0,0,0,0,0,6,10,25,0,0,1,9,60,53,20,3,1,6,92,2,7,2,1,2,0,62,118,5,0
2,0,0,0,1,3,0,0,0,0,0,0,5,10,23,0,0,0,7,54,55,20,3,2,5,88,2,7,2,1,2,0,63,115,5,0
1,0,0,0,2,3,0,0,0,0,0,0,5,10,22,0,0,0,6,50,55,20,4,2,6,83,2,7,1,1,2,0,61,111,5,0
2,0,0,0,2,3,0,0,0,0,0,0,6,9,19,0,0,0,4,46,56,18,4,3,6,79,2,6,2,1,2,0,59,106,6,0
2,0,0,0,2,3,0,0,0,0,1,0,6,9,18,0,0,0,3,41,54,17,5,4,5,75,2,6,2,1,0,0,54,100,6,0
1,0,0,0,3,3,0,0,0,0,2,0,6,9,17,0,0,0,3,39,54,16,6,4,5,70,2,6,1,1,0,0,50,93,6,0
1,0,0,0,3,3,0,0,1,0,2,1,6,9,15,0,0,0,4,36,52,16,6,5,5,66,2,6,2,1,0,0,45,87,7,0
1,0,0,0,3,3,0,0,1,0,3,2,6,9,14,0,0,0,4,34,50,16,7,6,5,61,3,6,2,1,0,0,39,80,7,1
1,0,1,0,3,2,0,0,0,0,4,3,6,9,14,0,0,0,4,32,48,16,8,6,6,57,3,6,2,1,0,0,37,75,8,1
2,0,1,0,2,0,0,0,0,0,4,3,6,9,13,0,0,0,4,30,45,16,8,7,6,54,4,6,2,1,0,0,35,71,8,1
2,0,2,0,2,0,0,0,0,0,4,3,7,9,13,1,0,0,4,28,43,16,8,7,6,50,4,6,2,2,0,0,33,66,8,1
2,1,2,0,1,0,0,0,0,0,5,3,7,8,13,1,0,0,3,25,39,15,8,8,6,47,4,6,2,1,0,0,31,62,8,1
3,1,2,0,2,0,0,0,0,1,5,3,7,8,12,1,0,0,2,21,35,14,8,8,6,44,4,6,3,1,0,0,29,58,8,2
4,1,3,0,3,0,0,0,0,2,5,4,7,8,12,1,0,0,1,18,32,13,8,8,6,41,5,5,2,2,0,0,27,55,8,2
4,2,3,0,3,1,0,0,1,2,6,4,7,8,12,1,0,0,0,15,27,11,6,6,5,37,4,4,1,0,0,0,24,51,8,2
4,2,3,0,3,1,0,0,1,3,6,4,7,8,11,1,1,0,0,14,25,9,4,4,3,33,2,1,0,0,0,0,20,48,8,2
4,2,3,0,3,2,0,0,1,4,6,4,7,8,11,1,1,0,0,13,22,6,2,3,2,29,2,0,0,0,0,0,17,45,8,2
4,2,3,0,3,1,0,0,1,4,7,4,7,7,11,2,1,0,0,12,19,5,1,1,0,26,0,0,0,0,0,0,14,41,8,2
3,2,3,0,2,0,0,0,1,4,7,5,7,7,11,2,1,0,0,12,18,4,2,1,0,24,2,0,0,0,0,0,14,39,7,2
3,1,3,0,0,0,0,0,2,5,7,5,8,6,11,2,1,0,0,12,17,4,2,1,1,23,2,0,0,0,0,0,13,37,7,3
3,1,3,0,0,0,0,0,2,6,7,5,8,6,11,2,1,0,1,11,17,4,3,1,2,21,2,0,0,0,0,0,12,35,7,3
4,1,3,0,0,0,0,0,3,6,7,5,7,6,10,2,0,0,0,9,16,4,3,2,3,20,3,0,0,0,0,0,11,33,7,3
4,1,3,0,0,0,0,0,3,6,7,4,7,5,9,3,0,0,0,7,15,4,3,2,3,18,3,0,0,0,0,0,10,31,7,3
4,2,3,0,0,0,0,0,3,7,7,4,7,5,9,3,0,0,0,6,15,4,4,2,3,17,3,0,0,0,0,0,10,29,7,3
5,1,3,0,0,0,0,0,4,7,7,4,6,5,9,2,0,0,0,3,13,3,3,2,3,16,3,0,0,0,0,0,9,27,8,3
5,1,3,0,1,0,0,0,4,7,7,4,6,5,9,2,0,0,0,3,13,3,3,2,4,16,3,0,0,0,0,0,8,25,8,3
4,2,3,0,1,0,0,0,4,7,6,4,5,5,9,2,0,0,0,3,12,2,3,2,4,15,3,1,0,0,0,0,7,23,8,3
4,2,3,0,1,0,0,0,4,6,6,4,5,5,9,2,0,0,0,3,12,2,3,2,4,14,3,0,0,0,0,0,6,21,7,3
4,2,3,0,0,0,0,0,4,5,6,4,5,4,9,0,0,0,0,2,12,3,3,2,3,13,4,0,0,0,0,0,6,19,8,3
4,2,3,0,0,0,0,0,3,5,5,4,4,5,9,0,0,0,0,2,11,3,4,3,3,12,3,1,0,0,0,0,5,19,9,3
4,2,3,0,0,0,0,0,4,4,6,5,4,5,10,0,0,0,0,2,10,4,4,4,3,12,3,1,0,0,0,0,5,20,10,3
4,1,3,0,0,0,0,0,4,4,5,6,5,5,12,0,0,0,0,1,10,5,5,5,2,12,4,1,0,0,0,0,5,22,12,3
4,1,3,0,0,0,0,0,3,5,5,6,5,5,13,0,0,0,0,1,9,6,6,5,2,12,4,1,0,0,0,0,5,25,14,4
4,0,3,0,0,0,0,0,3,5,5,6,6,5,17,0,0,0,0,0,8,6,7,5,2,13,4,1,0,0,0,0,5,31,16,3
4,0,3,0,0,0,0,1,3,5,5,7,6,6,23,0,0,0,0,0,8,5,7,5,2,16,5,0,0,0,0,0,5,37,17,3
4,0,3,0,0,0,0,0,3,4,5,7,6,6,30,0,0,0,1,1,7,5,7,4,2,18,5,0,0,0,0,0,5,43,18,3
3,0,3,0,0,0,0,0,3,4,5,6,6,6,38,0,0,0,3,4,6,4,7,4,2,23,4,0,0,0,0,0,5,52,18,3
3,0,3,0,0,0,0,0,3,4,5,6,5,5,48,0,0,0,3,7,5,4,7,4,2,27,4,0,0,0,0,0,4,62,19,3
3,0,2,0,0,0,0,0,2,4,5,6,6,5,57,0,0,0,4,12,4,3,7,4,2,31,4,0,0,0,0,0,4,74,18,3
2,0,0,0,0,0,0,0,3,3,5,6,6,5,66,0,0,0,4,17,4,3,7,3,2,36,4,0,0,0,0,0,4,88,19,3
2,0,0,0,0,0,0,0,3,3,5,5,6,5,74,0,0,0,5,23,2,3,7,3,2,41,4,0,0,0,0,0,4,102,19,3
2,0,0,0,0,0,0,0,3,3,5,5,6,5,79,0,0,0,5,28,2,2,7,3,3,47,3,0,0,0,0,0,4,116,19,3
2,0,0,0,0,0,0,0,3,3,4,5,5,5,83,0,0,0,5,35,2,2,7,3,3,53,3,0,0,0,0,0,4,130,19,2
2,0,0,0,0,0,0,0,3,3,4,5,5,5,83,0,0,0,5,42,2,1,8,3,3,59,3,0,0,0,0,0,4,143,19,2
2,0,0,0,0,0,0,0,3,2,4,4,5,5,81,0,0,0,4,49,3,1,7,3,3,65,2,0,0,0,0,0,5,155,18,3
2,0,0,0,0,0,0,0,3,2,4,4,5,5,80,0,0,0,4,55,4,1,7,3,3,70,1,0,0,0,0,0,4,167,18,3
2,0,0,0,0,0,0,0,3,2,4,4,5,5,78,0,0,0,4,61,4,0,6,3,2,75,0,0,0,0,0,0,4,178,17,2
1,0,0,0,0,0,0,0,3,1,3,4,4,5,75,0,0,0,5,66,5,0,6,3,2,80,0,0,0,0,0,0,4,189,17,2
1,0,0,0,0,0,0,0,3,0,3,4,4,5,72,0,0,0,5,70,6,0,6,2,2,83,0,0,0,0,0,0,4,197,15,2
1,0,0,0,0,0,0,0,2,0,3,4,4,4,69,0,0,0,5,73,7,0,6,3,2,87,0,0,0,0,0,0,4,204,15,3
1,0,0,0,0,0,0,0,3,0,4,4,5,4,65,0,0,0,5,76,9,0,5,3,3,90,0,0,0,0,0,0,4,208,15,3
2,0,0,0,0,0,0,0,3,0,4,4,5,2,60,0,0,0,5,77,10,0,5,3,3,92,0,0,0,0,0,0,6,210,14,3
2,0,0,0,0,0,0,0,4,0,4,4,5,1,56,0,0,0,5,78,11,1,6,3,3,95,0,1,0,0,0,0,11,209,13,3
3,0,0,0,0,0,0,0,4,1,4,4,5,0,51,0,0,0,5,77,12,2,5,3,3,96,0,3,0,0,0,0,19,207,13,3
3,0,0,0,0,0,0,0,4,1,5,4,5,0,47,0,0,0,5,76,13,4,5,3,4,95,0,3,0,0,0,0,30,203,13,2
3,0,0,0,0,1,0,0,4,1,5,4,4,0,44,0,0,0,5,74,13,8,6,3,3,94,0,2,0,0,0,0,44,198,13,2
2,0,0,0,0,1,0,0,3,1,5,4,5,0,41,0,0,0,4,71,14,11,6,3,3,91,0,1,0,0,0,0,56,192,12,2
2,0,0,0,0,1,0,0,3,1,4,4,4,0,39,0,0,0,4,67,14,13,6,3,3,87,0,0,0,0,0,0,67,184,12,2
1,0,0,0,0,0,0,0,2,1,4,4,4,0,36,0,0,0,4,64,14,14,6,3,3,83,0,0,0,0,0,0,72,176,12,1
0,0,0,0,0,0,0,0,2,1,4,5,3,0,34,0,0,0,4,60,14,15,6,3,3,79,0,0,0,0,0,0,72,166,11,1
0,0,0,0,0,0,0,0,2,1,4,5,4,0,32,0,0,0,4,56,14,15,6,3,3,75,0,0,0,0,0,0,69,156,11,1
0,0,0,0,0,0,1,0,3,1,4,5,2,0,29,0,0,0,4,52,14,14,6,3,3,70,0,0,0,0,0,0,65,146,11,1
0,0,0,0,0,0,1,0,3,1,5,6,1,0,26,0,0,0,4,49,13,13,5,3,2,66,0,0,0,0,0,0,60,136,11,1
0,0,0,0,0,0,1,0,3,2,5,6,0,0,23,0,0,0,4,46,13,12,5,3,2,61,0,0,0,0,1,0,56,126,11,1
0,0,0,0,0,0,1,0,3,2,5,6,0,0,19,0,0,0,3,43,12,11,5,3,1,56,0,0,0,0,1,0,52,118,10,1
0,0,0,0,0,1,1,0,4,2,5,6,0,0,19,0,0,0,3,39,11,10,5,3,0,50,0,0,0,0,1,0,48,110,10,1
0,0,0,0,0,1,1,0,4,2,5,6,0,0,18,0,0,0,4,37,11,10,4,3,0,45,0,0,0,0,1,0,44,102,10,1
0,0,0,0,0,1,1,0,4,2,5,6,0,0,17,0,0,0,4,33,11,9,4,3,0,40,0,0,0,0,1,0,40,95,9,1
0,0,0,0,0,1,1,0,3,2,5,5,0,0,16,0,0,0,3,31,10,9,4,2,0,37,0,0,0,0,1,0,36,88,9,1
0,0,0,0,0,1,1,0,3,2,5,4,1,0,15,0,0,0,2,30,9,8,4,2,0,34,0,0,0,0,1,0,33,81,8,1
0,0,0,0,0,1,1,0,3,2,5,4,1,0,15,0,0,0,2,28,9,8,3,2,0,32,0,0,0,0,1,0,30,75,8,2
0,0,0,0,0,1,1,0,3,2,4,3,0,0,13,0,0,0,2,26,8,7,3,3,0,30,0,0,0,0,1,0,28,70,8,1
0,0,0,0,0,1,1,0,3,2,4,1,0,0,11,0,0,0,1,23,8,7,3,3,0,27,0,0,0,0,1,0,26,65,9,1
0,0,0,0,0,1,1,0,3,2,4,0,0,0,10,0,0,0,1,22,7,7,5,3,0,25,0,0,0,0,1,0,23,60,11,1
0,0,0,0,1,2,0,0,2,2,3,0,0,0,9,0,0,0,1,19,6,7,6,2,0,22,0,0,0,0,0,0,22,56,13,1
0,0,0,0,1,2,0,0,2,2,3,0,0,0,10,0,0,0,0,17,6,7,6,1,0,18,0,0,0,0,0,0,20,52,17,1
0,0,0,0,1,2,1,0,2,2,3,0,0,0,12,0,0,0,0,15,6,7,6,0,0,15,0,0,0,0,0,0,19,48,23,1
