143,121,139,138,132,154,133,138,129,140,116,136,126,134,119,130,130,123,124,128,131,130,122,139,121,118,128,130,122,125,144,126,135,126,127,122
139,132,134,132,127,130,127,139,116,129,109,119,127,119,141,147,123,136,116,136,138,129,122,126,128,130,121,129,129,135,128,123,126,122,129,129
131,108,121,153,112,145,120,133,125,110,112,134,103,126,133,134,151,118,123,96,128,130,126,136,113,143,119,124,116,116,133,134,139,121,121,120
147,122,139,114,119,131,132,127,129,137,117,132,126,133,112,125,140,127,128,123,121,119,134,127,123,119,125,128,120,126,122,137,132,122,123,118
138,125,150,134,129,130,116,129,137,142,116,144,110,132,108,101,131,116,141,134,140,117,125,124,126,135,116,127,117,133,137,141,144,129,138,126
113,126,144,128,134,116,124,142,137,133,134,141,130,151,133,122,125,129,165,140,114,120,120,119,133,121,133,131,119,132,122,128,132,124,127,128
110,135,135,144,131,141,127,117,137,120,138,117,125,128,119,135,122,126,124,123,124,124,140,142,117,131,114,129,136,125,126,131,135,140,132,128
123,117,121,130,107,142,134,131,132,143,133,117,128,122,136,118,135,134,121,122,117,116,128,128,123,124,128,132,127,125,132,125,129,143,128,130
126,128,127,124,126,140,129,132,123,132,111,136,124,122,141,132,147,108,137,112,124,133,125,132,119,131,122,133,128,133,128,122,139,122,133,122
137,139,132,133,126,139,128,142,129,123,121,130,114,122,128,112,130,132,131,121,125,138,144,134,115,130,118,119,126,123,127,126,129,128,136,132
134,117,137,121,122,153,125,119,125,125,113,124,121,125,130,116,136,119,123,116,149,121,116,133,142,141,129,125,115,132,138,124,143,119,124,127
126,136,139,118,135,157,137,129,132,88,122,120,113,148,130,113,111,139,139,125,137,102,136,131,128,119,140,134,126,131,119,128,122,129,137,125
114,125,135,139,122,118,127,121,131,118,119,125,121,136,123,121,123,124,122,119,154,112,132,128,128,124,121,134,114,138,127,142,117,114,133,122
101,131,126,128,122,131,129,140,133,136,123,109,122,130,131,126,127,123,123,130,145,127,119,125,148,135,126,123,124,128,122,129,129,122,128,131
126,95,113,130,119,142,130,133,113,120,126,132,126,129,142,136,112,125,109,113,129,113,127,116,115,132,141,120,116,128,116,139,128,124,125,124
111,135,134,142,138,139,137,126,127,106,138,128,135,149,125,128,126,135,122,128,114,125,144,129,140,127,125,137,115,136,127,150,128,125,122,129
112,134,119,134,116,123,135,121,136,134,124,130,107,143,132,135,126,125,120,133,131,131,133,129,136,121,126,134,111,132,118,122,120,124,137,117
101,124,131,115,133,148,132,114,124,128,126,131,124,122,119,115,119,143,139,125,125,115,119,129,117,137,123,130,125,112,106,126,137,129,125,128
104,122,124,122,136,136,115,112,140,129,140,130,130,121,133,128,119,147,123,125,107,139,130,130,137,122,139,105,122,133,128,151,130,136,118,128
129,142,134,128,118,128,133,123,136,121,121,117,119,112,133,140,117,137,115,148,120,116,122,132,133,126,147,118,123,130,134,133,125,131,119,130
118,139,120,127,104,139,131,127,139,119,125,118,117,135,127,130,132,137,128,113,128,127,121,123,142,121,136,113,126,128,117,145,125,139,124,128
112,146,131,133,111,128,118,125,142,140,124,128,110,131,128,116,130,125,129,125,116,126,119,135,114,127,128,124,133,120,139,115,120,119,125,138
122,126,130,158,115,145,117,125,117,129,147,128,130,116,134,107,134,118,126,128,143,121,128,129,118,120,137,129,145,128,141,134,137,126,124,133
136,129,119,135,121,157,121,122,125,133,117,116,133,133,145,124,134,122,127,115,143,119,116,127,131,120,122,124,132,123,142,119,117,123,128,139
122,128,139,130,140,148,124,136,128,122,119,115,127,142,132,129,125,117,132,125,124,147,139,123,148,121,121,128,122,127,140,126,131,113,136,119
134,133,138,128,128,130,135,125,122,137,126,128,132,131,123,133,133,116,148,131,132,128,129,126,115,140,121,122,129,122,124,131,134,120,133,125
135,136,146,134,137,137,119,125,126,130,121,124,116,128,131,128,117,123,128,128,125,119,122,137,118,117,123,111,118,130,129,124,141,128,136,129
118,124,123,124,137,136,137,113,111,136,134,134,128,134,115,139,122,124,142,121,136,117,138,118,114,136,129,125,147,118,112,125,130,124,133,128
120,105,116,132,130,147,134,141,141,118,132,125,119,133,126,135,116,148,121,125,126,139,129,133,131,132,123,109,129,137,121,147,133,125,125,132
116,141,128,133,125,133,131,127,132,116,130,129,131,121,118,129,116,130,110,133,113,131,135,124,132,127,137,128,130,130,128,130,122,121,121,131
121,142,125,148,113,136,122,122,150,132,135,121,129,134,134,146,137,127,125,128,119,101,133,112,149,113,139,119,120,124,130,130,133,128,121,132
110,147,128,126,108,134,128,131,129,125,130,141,136,128,127,94,132,132,132,130,136,130,125,133,129,113,139,133,130,121,142,109,136,115,125,136
115,128,123,134,121,148,121,128,119,118,118,118,138,124,129,112,132,119,116,129,126,131,126,146,131,133,135,125,131,125,144,125,123,113,118,127
125,125,124,124,119,139,109,142,128,136,116,128,113,128,139,130,149,128,122,114,132,124,123,130,119,128,116,117,128,129,143,128,141,124,125,128
133,128,127,127,126,127,122,135,116,128,119,148,125,135,142,139,142,121,123,138,127,123,124,135,121,139,115,129,119,128,130,128,128,128,137,122
116,124,142,122,126,113,126,113,129,130,116,140,129,136,129,130,128,130,133,125,129,112,130,130,133,141,137,141,111,140,110,126,115,127,138,122
114,130,137,134,131,129,117,120,125,118,141,135,119,127,110,125,135,133,134,113,138,105,128,117,130,125,107,127,114,133,133,113,128,123,139,129
114,132,135,139,112,132,125,125,129,126,126,128,127,118,128,126,125,131,127,119,139,121,132,121,118,135,126,139,121,136,126,135,119,134,120,118
140,108,138,127,95,131,122,125,128,117,128,130,128,124,116,126,129,134,124,125,122,134,137,130,135,110,123,118,120,128,132,136,125,120,128,122
107,140,130,141,121,128,117,120,133,136,116,122,128,128,134,115,126,140,118,139,130,130,132,132,140,119,131,116,119,115,119,129,108,137,128,139
115,138,111,135,117,143,116,125,135,124,143,121,132,127,128,130,119,122,130,128,122,121,126,123,143,123,139,119,125,145,122,127,111,115,122,133
127,96,144,134,133,141,130,129,138,135,119,136,121,117,133,129,132,104,115,133,114,113,114,126,131,127,150,121,137,115,124,128,122,135,123,128
114,129,121,151,122,146,120,127,136,124,128,133,151,121,132,123,128,133,121,133,131,122,111,130,118,120,118,139,131,123,132,115,131,127,126,137
132,128,139,157,128,148,116,139,128,121,139,126,150,137,136,131,140,121,131,126,119,130,120,130,125,122,131,129,140,128,141,123,111,126,128,139
118,131,129,139,107,137,120,123,119,135,122,127,138,127,148,137,133,135,119,123,137,128,135,133,117,125,137,129,130,141,115,107,141,105,134,118
138,126,145,139,118,122,128,131,125,142,125,146,117,130,134,117,133,122,144,119,138,130,123,128,117,139,125,130,119,123,124,132,126,131,134,124
126,128,144,128,137,128,132,122,125,129,120,145,120,141,117,122,134,136,135,110,134,113,131,128,127,126,132,132,129,123,103,130,128,133,134,119
121,124,130,141,128,140,132,128,139,114,117,129,126,138,128,140,136,128,132,130,154,125,125,133,125,124,119,147,122,131,128,128,121,130,134,121
119,129,149,132,104,149,114,127,121,121,125,130,127,132,123,129,142,128,120,130,119,126,128,134,134,128,131,133,124,125,110,139,122,145,126,137
123,151,114,148,115,131,121,134,128,132,133,122,138,112,122,119,116,125,109,133,129,122,116,130,136,128,136,106,128,124,122,122,134,132,129,138
117,134,124,150,132,139,122,123,125,120,126,119,138,133,136,129,140,142,133,124,130,136,107,128,126,129,136,120,130,116,128,109,136,121,128,129
139,126,125,135,112,152,119,131,121,133,118,128,133,128,142,139,130,135,126,111,122,124,122,130,116,135,151,136,140,128,133,128,135,126,128,129
128,101,123,134,128,130,117,133,127,130,123,107,126,131,128,126,116,130,126,128,106,134,128,128,131,120,117,125,119,128,117,134,133,130,129,130
140,128,126,130,121,131,120,137,133,149,126,122,128,136,145,131,122,130,122,120,126,122,122,125,117,127,125,147,122,125,126,127,137,119,133,119
123,139,127,117,128,136,126,121,125,134,136,128,115,139,116,130,130,132,128,107,128,105,119,138,134,146,133,119,117,124,128,129,137,116,127,121
124,125,123,133,126,139,109,131,133,132,116,123,127,143,136,128,128,116,139,121,118,134,133,147,111,139,136,119,125,126,135,134,121,126,133,125
134,124,143,110,126,146,130,119,121,131,130,140,116,132,128,125,139,128,136,126,139,118,134,130,127,136,119,133,111,136,119,129,131,131,130,120
111,127,136,151,128,137,128,121,138,123,140,133,119,135,116,127,115,128,135,107,131,114,134,118,136,134,134,139,124,123,133,135,128,124,148,121
132,117,131,124,139,114,125,121,128,145,118,137,121,142,128,131,118,128,142,120,117,112,118,117,112,131,115,142,128,136,119,130,121,134,124,133
121,125,130,146,133,135,130,118,120,121,134,131,109,139,140,119,127,139,152,138,128,136,110,114,136,115,122,119,123,132,143,131,125,126,127,127
128,143,128,139,122,145,125,124,131,117,122,133,123,148,134,128,136,130,111,128,140,99,128,137,132,125,136,117,120,129,129,140,114,128,118,120
111,142,120,136,123,127,135,120,136,139,138,115,135,128,126,126,128,137,114,128,125,128,124,113,140,113,129,125,130,127,125,137,137,133,129,115
113,144,118,145,113,127,117,118,156,113,138,114,129,121,134,136,136,141,122,126,132,122,125,125,137,112,140,123,122,125,123,143,123,133,127,118
121,132,125,147,114,140,126,128,116,136,146,129,145,133,126,118,127,119,122,141,122,133,112,130,133,110,113,127,133,125,127,128,136,122,125,132
127,131,129,142,108,150,123,127,109,123,134,139,128,128,146,120,125,131,129,124,110,136,118,135,113,125,132,135,134,119,139,118,139,122,127,123
138,119,131,135,119,151,113,118,128,137,115,125,125,140,134,119,128,130,123,129,128,130,120,145,113,136,128,124,125,128,129,143,135,121,133,121
143,124,142,110,111,151,101,153,142,126,126,124,111,129,127,136,130,130,142,130,146,111,129,126,129,128,128,127,122,134,122,130,111,133,128,125
115,130,133,131,119,133,142,118,130,122,129,138,139,129,134,128,127,130,119,125,125,117,135,126,142,117,109,128,120,140,123,141,117,126,128,122
110,134,119,129,119,124,117,126,141,128,125,124,124,136,134,140,119,128,133,141,128,130,139,127,133,154,132,130,124,131,119,130,136,136,126,129
128,107,130,145,116,109,130,117,128,123,121,120,117,125,131,131,118,132,123,116,145,136,123,131,130,87,119,130,119,139,113,130,114,128,136,128
114,140,116,119,121,128,137,118,134,104,133,124,134,142,112,153,129,127,125,116,140,130,142,122,139,112,130,129,125,130,126,125,115,122,120,121
114,141,127,135,116,121,142,127,138,130,131,125,122,134,127,129,121,134,116,132,142,129,122,133,156,107,112,120,126,128,137,140,137,131,130,123
113,136,122,116,135,121,122,125,131,123,128,127,132,140,118,139,125,124,116,116,134,126,128,124,119,108,143,128,134,131,119,138,106,143,135,130
127,93,125,128,130,150,117,116,136,133,137,126,125,125,136,116,128,119,116,123,110,131,127,134,128,135,143,130,125,123,110,136,122,134,128,134
119,144,125,131,103,153,113,140,134,131,130,129,133,120,133,108,126,137,128,141,123,127,121,113,115,120,134,114,138,119,121,121,125,129,127,132
113,122,113,133,114,137,130,136,109,129,138,129,145,116,130,110,121,124,128,128,120,118,126,145,127,110,141,110,134,121,119,123,143,122,138,131
132,119,136,142,119,153,113,128,130,132,140,141,138,140,101,124,139,119,139,118,120,125,116,126,113,140,116,129,121,128,125,128,117,124,125,121
140,125,136,133,130,126,105,131,108,151,111,145,108,125,120,132,129,126,139,114,128,114,121,129,132,123,118,129,117,117,125,121,122,126,139,123
135,110,147,134,132,125,125,135,125,137,131,129,118,130,114,129,153,119,125,111,141,133,107,136,116,142,132,132,121,128,115,133,129,136,138,123
128,128,130,146,133,150,119,122,133,117,129,128,113,134,137,113,133,129,101,130,126,129,133,138,121,124,126,103,122,130,121,130,118,124,128,129
117,129,136,129,128,120,134,116,122,125,129,135,128,147,128,134,120,128,124,114,122,136,130,131,142,120,137,122,129,126,162,136,140,126,132,139
126,113,133,135,117,124,125,126,142,128,108,128,126,145,142,129,126,146,128,129,127,108,127,127,117,128,130,130,123,130,113,123,137,130,136,130
120,133,131,132,131,151,111,145,137,119,133,128,117,125,130,129,148,129,132,122,133,110,122,124,132,130,119,119,115,127,126,134,153,125,133,122
131,128,137,102,119,151,110,120,124,141,114,157,124,124,119,102,142,115,127,120,130,116,126,132,110,132,134,128,123,118,138,138,133,113,128,125
133,118,135,119,100,133,118,137,126,142,121,139,125,123,139,131,132,127,139,99,120,128,136,138,123,130,114,136,125,123,132,130,145,122,136,121
127,137,144,139,142,139,124,112,123,124,117,132,127,131,128,135,123,128,127,119,117,116,129,120,121,109,133,139,116,128,119,118,112,123,138,123
113,129,135,142,127,136,143,128,135,126,130,142,111,136,112,134,110,127,134,132,141,114,139,122,128,134,116,124,126,135,119,138,120,122,135,124
102,128,130,132,140,120,124,127,134,128,138,143,128,126,123,144,138,134,119,121,150,124,131,112,121,132,128,131,133,130,115,139,142,127,133,121
113,127,134,122,133,131,136,128,128,117,133,146,122,125,116,115,144,132,118,123,126,110,126,126,133,108,139,125,129,122,137,144,122,126,121,130
114,120,128,140,119,127,119,132,144,108,133,114,133,117,133,132,141,146,117,128,106,127,141,133,143,118,132,132,128,125,135,134,127,129,123,133
131,133,130,151,123,151,119,126,127,119,139,122,122,112,132,117,127,138,117,123,128,132,114,134,128,138,139,121,131,123,125,125,119,133,124,139
129,139,137,136,133,155,115,125,113,116,129,129,128,115,133,141,110,146,136,130,130,122,119,128,128,134,137,115,122,145,139,132,131,111,122,139
119,128,131,117,113,141,129,125,115,136,117,120,126,114,136,117,132,124,128,129,126,130,124,136,144,130,130,126,134,110,134,109,115,114,128,126
133,120,131,143,122,142,127,127,130,143,129,128,117,127,129,136,121,112,130,119,140,125,122,133,107,131,116,127,111,128,133,128,127,125,120,125
137,120,128,125,127,144,124,131,130,128,114,130,128,127,132,125,136,125,124,122,118,119,130,119,133,144,135,126,125,118,116,128,145,127,125,121
139,129,141,122,142,150,116,126,116,105,133,139,119,130,147,135,120,145,136,130,127,121,119,130,126,134,129,125,108,133,128,138,135,133,137,125
119,139,128,129,123,143,131,123,144,130,141,120,133,142,123,138,114,135,116,126,132,112,142,130,142,135,125,120,125,132,129,135,128,119,135,130
121,133,133,132,115,139,135,130,132,114,125,130,123,140,127,134,117,139,117,130,130,134,136,126,146,115,135,128,122,133,136,132,118,136,115,127
105,142,132,140,122,140,128,121,128,128,128,119,128,130,125,122,117,133,137,124,159,105,123,135,138,127,132,134,130,109,121,114,122,133,133,136
126,136,139,146,140,153,131,129,128,130,133,122,142,136,121,133,129,115,123,131,124,134,108,124,116,123,140,125,135,107,136,122,121,124,125,133
128,126,130,145,123,162,112,130,110,137,117,130,133,127,154,119,131,119,126,128,109,136,128,133,128,139,128,118,128,130,136,126,126,126,127,125
134,124,134,133,113,133,118,142,139,130,120,126,121,119,141,119,139,127,128,114,128,125,129,130,122,118,126,125,119,127,153,116,108,128,119,114
131,126,148,133,128,113,132,117,118,132,126,148,117,134,119,130,128,121,141,125,141,119,129,127,118,130,134,139,117,133,111,139,128,124,124,128
102,138,124,139,154,135,131,124,136,118,128,131,116,134,138,119,128,114,135,122,131,120,142,117,130,116,135,130,137,140,137,136,108,130,129,130
116,127,121,128,117,122,142,133,126,134,121,129,126,139,118,146,123,139,123,116,136,131,141,120,133,132,119,133,133,120,124,136,107,126,134,130
116,142,127,125,124,124,147,142,122,122,107,110,144,107,136,134,131,139,117,131,115,119,138,129,139,121,138,111,130,120,120,123,138,137,125,125
104,133,128,134,127,153,114,121,113,122,125,133,133,117,141,112,111,127,121,139,117,139,121,135,138,143,129,121,132,128,128,125,132,122,128,130
123,131,125,136,120,165,127,128,124,131,138,116,123,119,145,123,131,134,128,146,130,131,121,137,129,125,129,120,132,116,140,110,138,116,120,129
132,115,133,124,117,139,125,131,132,130,122,123,128,133,125,124,125,128,123,134,109,121,125,115,123,140,134,138,116,128,128,129,135,130,135,119
115,143,142,132,119,119,131,121,138,139,126,141,122,130,136,128,124,126,137,118,131,128,128,131,116,140,131,136,112,126,110,121,141,121,135,124
116,131,139,142,122,134,128,116,127,103,123,128,130,147,129,125,120,118,133,115,129,106,129,115,119,116,136,133,120,135,118,146,129,119,139,120
119,129,130,127,142,128,128,118,122,124,132,137,120,133,141,129,112,132,123,123,126,125,123,119,122,116,116,135,118,137,117,158,141,129,132,127
113,138,124,133,108,134,124,125,128,132,150,122,124,119,116,120,126,127,127,130,116,125,123,128,130,111,129,116,133,119,126,127,126,130,124,136
121,139,122,133,140,136,116,132,135,122,136,130,139,116,130,118,107,150,130,140,125,146,124,122,133,132,141,110,140,128,128,129,142,129,125,133
119,122,129,147,122,140,123,124,109,131,134,123,125,109,117,138,122,124,123,119,132,123,111,128,110,136,136,123,132,119,128,112,127,133,120,126
137,121,110,137,116,156,116,139,129,142,116,138,115,122,128,125,142,130,130,114,131,127,122,128,128,138,124,113,125,128,128,134,143,122,152,122
125,124,139,150,136,122,127,128,142,128,128,124,139,141,129,120,120,128,126,114,147,105,131,120,132,130,132,133,120,133,115,127,131,130,135,116
119,128,129,136,114,121,129,118,138,129,121,138,124,143,118,121,124,113,117,112,145,122,134,123,139,108,130,118,113,135,128,140,129,128,127,128
102,145,113,127,123,131,132,119,141,112,130,132,121,132,135,124,123,140,99,130,141,144,122,140,109,115,133,113,126,122,112,138,134,134,130,134
116,133,124,143,120,122,129,125,133,130,132,116,126,138,148,143,127,131,128,122,109,111,123,132,134,143,136,117,126,133,125,128,141,123,127,130
121,99,159,134,117,128,107,122,128,136,148,119,124,130,129,118,135,129,132,119,128,108,121,129,123,134,120,119,119,128,133,136,130,125,128,126
128,122,131,123,119,145,121,132,115,131,130,131,113,116,132,125,140,130,129,119,117,119,123,136,120,130,125,122,130,120,134,124,128,127,135,128
132,135,135,119,117,143,121,135,123,131,126,121,125,131,148,121,146,110,132,129,130,125,120,131,116,120,117,119,131,116,124,125,126,121,130,117
148,128,135,126,126,145,119,133,125,133,115,119,123,126,139,128,141,134,128,115,121,129,128,133,131,143,135,133,123,123,118,135,136,139,122,119
138,113,145,150,142,134,130,125,107,123,123,137,122,125,125,127,123,133,135,118,134,124,130,123,135,134,134,127,99,133,112,119,129,128,124,128
113,122,137,130,134,132,138,116,121,130,122,133,120,133,121,131,127,128,131,124,129,113,139,131,139,134,126,130,128,122,119,123,117,135,136,117
130,117,140,144,127,117,131,125,113,138,126,135,122,139,121,136,128,128,129,125,138,109,124,129,135,128,131,137,133,138,122,122,128,117,133,124
120,134,139,116,134,133,132,113,128,135,115,134,119,136,116,136,155,137,128,129,109,120,123,105,142,123,125,118,125,134,110,129,121,124,137,119
123,131,137,130,129,126,139,115,127,122,128,136,125,144,132,127,118,131,128,122,133,109,143,118,139,127,130,126,129,142,134,146,119,127,118,120
108,143,130,129,129,122,132,119,138,115,121,120,110,145,127,121,106,123,132,123,143,125,125,125,126,121,122,133,127,135,125,143,117,132,129,128
119,132,133,128,131,126,124,121,133,128,112,114,137,127,110,135,136,128,122,119,121,118,135,128,150,118,121,109,124,148,153,135,128,116,120,122
113,145,126,139,104,135,129,125,123,117,136,135,129,126,131,111,128,133,124,129,136,119,132,127,137,115,118,127,131,120,132,151,126,130,133,128
123,118,141,103,130,137,123,127,139,130,132,116,138,144,115,121,119,120,125,142,131,127,133,135,133,132,134,128,111,132,133,124,121,128,131,130
136,129,130,131,128,141,125,128,119,130,116,131,113,128,130,113,140,124,128,125,118,132,123,132,134,134,107,114,143,127,138,123,138,118,130,116
131,131,125,132,122,123,128,127,135,138,129,135,109,117,140,129,128,121,124,119,130,123,126,139,121,144,104,131,123,125,125,136,133,118,131,123
136,121,150,142,125,151,124,132,135,133,117,136,124,130,145,134,145,109,129,128,139,121,125,135,128,134,128,128,119,126,142,136,124,119,128,116
143,125,139,129,130,139,133,111,132,119,113,139,122,132,113,125,131,135,144,130,145,119,116,132,130,129,127,131,135,132,126,122,114,135,138,110
120,136,133,129,139,116,119,111,128,126,139,142,118,128,135,113,133,126,131,139,132,107,123,136,120,135,121,140,122,131,127,143,132,122,140,122
138,124,137,134,128,120,123,131,124,131,114,129,119,132,119,122,130,119,141,126,128,111,128,128,119,125,127,130,110,128,131,125,128,111,137,125
136,134,142,139,132,130,134,118,128,125,127,128,118,142,120,131,155,133,119,126,123,121,136,122,133,121,125,123,123,141,119,136,116,132,132,118
110,135,118,122,123,132,138,130,139,124,133,122,125,119,123,132,124,133,123,122,122,121,135,115,132,122,126,126,115,129,116,130,121,119,118,133
121,146,125,143,133,137,127,120,147,127,139,124,127,128,126,138,130,129,127,123,124,113,143,129,118,118,128,136,125,129,132,129,131,131,122,128
114,139,138,132,130,134,128,124,140,136,116,121,123,125,134,122,131,133,115,141,121,124,130,120,134,118,125,118,128,145,131,132,119,125,124,128
126,101,125,128,104,126,145,126,129,130,126,134,123,132,132,107,129,131,126,111,139,109,130,131,130,128,128,134,123,129,122,136,122,125,126,125
130,122,131,123,121,125,118,131,145,122,111,130,118,123,130,128,137,123,147,116,117,130,122,133,125,133,112,125,120,129,135,136,131,120,133,125
137,122,141,109,116,133,122,132,105,122,128,127,122,128,128,122,136,122,128,132,119,128,113,133,122,118,114,127,121,129,122,129,139,116,130,127
143,121,132,115,122,145,119,130,127,140,112,128,116,139,138,112,140,131,130,111,130,97,136,146,130,125,125,125,118,123,125,128,130,128,133,119
160,104,124,111,120,126,123,119,137,126,129,127,125,142,119,118,125,127,130,109,147,127,130,127,113,136,126,135,123,128,128,132,122,121,131,122
125,132,141,139,119,130,133,118,127,127,128,125,123,139,128,125,131,126,136,128,117,118,129,124,133,128,128,125,112,135,108,128,132,112,133,126
114,132,137,142,130,116,131,121,133,109,113,139,130,128,125,132,121,136,143,125,137,111,128,120,120,131,138,129,124,130,139,131,112,123,131,128
123,101,131,122,133,139,122,128,116,122,130,122,116,144,128,130,128,116,126,119,133,122,130,145,126,128,123,136,131,128,120,136,131,118,131,120
113,139,129,130,113,142,131,130,149,117,128,132,118,135,140,118,138,132,132,125,141,121,134,128,136,124,123,139,127,133,119,148,114,120,119,125
121,132,130,134,140,133,136,120,138,114,130,145,122,132,124,129,110,132,133,128,136,118,130,120,108,120,116,134,122,134,119,125,115,125,130,125
110,128,145,117,127,130,125,126,130,133,134,133,121,144,125,130,147,131,125,128,110,121,113,135,140,128,128,114,124,122,134,133,123,130,128,123
115,133,124,134,133,133,129,129,128,117,124,130,125,121,125,146,128,142,114,128,121,117,135,125,141,106,142,126,116,126,134,134,129,134,118,132
122,142,142,145,122,142,134,120,139,115,137,116,127,132,129,131,120,140,131,132,109,119,132,129,142,113,131,107,132,124,124,136,118,127,116,121
119,125,107,136,131,128,135,129,140,128,135,126,137,117,131,133,141,139,120,130,116,127,123,129,142,110,128,151,132,131,127,120,113,125,127,116
124,101,110,140,116,131,118,127,99,104,140,127,133,132,125,120,125,133,125,122,128,122,140,134,138,119,128,118,130,126,119,139,120,141,125,134
112,138,131,130,131,118,129,124,133,127,122,121,132,116,133,124,121,133,118,129,121,136,117,130,116,120,148,111,135,123,143,142,112,135,127,126
124,151,125,129,101,134,116,126,133,130,120,131,137,119,139,115,127,122,128,133,119,127,118,130,139,107,142,125,125,119,133,132,121,121,125,134
122,122,136,133,120,140,121,135,125,123,125,115,134,136,141,124,130,143,130,133,141,97,122,128,125,125,122,120,121,127,139,114,139,117,128,120
136,129,136,120,119,122,130,130,123,137,118,129,118,136,114,128,128,132,127,113,136,118,120,140,136,116,125,129,122,125,130,121,136,124,141,114
135,123,130,138,128,139,126,123,131,139,131,127,124,132,125,127,131,130,146,121,139,120,126,132,125,133,124,142,118,125,125,125,126,122,146,128
112,130,138,118,142,122,130,118,122,142,138,133,125,141,118,113,154,145,132,135,127,131,127,134,144,116,133,116,117,135,128,144,121,129,104,119
113,133,133,130,128,133,140,124,114,122,115,142,121,142,114,137,121,131,111,129,130,134,133,127,132,114,128,119,119,137,106,140,109,134,124,127
109,144,120,127,118,141,133,125,142,95,138,130,132,134,125,137,122,133,119,124,131,117,125,127,137,128,116,123,116,130,142,149,122,122,118,122
116,153,130,129,110,133,121,130,128,121,114,124,123,122,141,141,137,139,116,129,110,136,123,128,151,122,132,117,129,128,136,136,118,145,119,136
120,148,110,142,112,141,143,137,128,145,110,112,145,115,132,122,125,148,117,137,118,128,130,143,115,118,154,115,126,118,141,144,124,140,128,136
119,129,135,138,114,156,118,126,126,122,123,128,131,115,130,128,129,129,130,130,111,126,123,128,128,136,130,116,131,121,128,118,114,115,123,138
116,134,120,153,106,130,105,128,124,134,121,139,142,124,145,124,117,139,121,124,126,128,130,136,130,127,131,105,116,122,116,128,125,129,132,130
125,127,129,147,101,134,105,122,133,117,130,123,134,125,126,126,123,149,130,123,121,116,125,131,119,121,124,123,131,131,131,121,123,125,123,128
140,124,142,136,121,147,119,128,125,138,131,132,120,124,131,113,127,124,143,117,135,113,130,138,129,128,125,115,124,128,114,129,138,119,126,125
140,120,125,137,117,145,123,128,140,118,123,134,133,131,148,133,122,136,117,133,141,133,118,133,139,128,111,138,125,128,119,126,129,121,130,128
127,125,136,116,125,156,119,132,110,145,112,122,122,120,145,130,128,119,139,117,113,120,127,144,121,124,134,125,130,122,144,128,152,113,129,114
138,123,134,114,124,136,125,134,132,133,123,137,136,120,129,103,136,120,121,121,125,117,116,133,118,136,134,128,123,129,131,137,148,130,133,126
144,135,153,142,125,149,115,133,138,139,124,126,121,121,155,123,130,126,122,122,137,123,130,133,110,134,129,121,132,120,133,131,128,118,135,124
136,128,125,147,133,134,116,110,124,133,127,137,122,134,137,129,133,119,132,119,127,105,120,120,120,135,132,121,130,136,116,128,114,130,136,120
132,132,135,131,132,130,119,120,132,142,130,142,113,115,122,143,141,125,139,139,119,118,120,124,116,139,133,139,123,130,126,140,135,137,134,123
129,131,126,122,132,124,133,123,134,132,119,132,125,140,144,114,128,126,129,120,120,121,125,125,124,127,139,136,131,138,125,123,133,128,139,125
109,131,127,132,114,118,128,120,115,119,124,133,113,126,133,145,140,142,126,117,115,125,126,133,128,126,124,125,123,126,114,117,125,128,123,128
110,136,123,131,118,119,129,109,127,115,135,110,128,121,134,138,133,127,106,119,112,126,131,118,123,113,134,115,120,122,149,143,118,133,133,129
115,141,131,138,110,120,113,127,125,141,129,113,125,136,128,143,128,139,125,123,132,129,142,119,136,143,132,113,117,126,116,127,124,125,129,125
127,97,125,135,112,126,123,134,128,125,149,119,126,130,148,130,121,128,114,125,116,125,135,126,126,124,118,120,124,130,130,128,118,133,118,122
129,132,150,125,108,136,116,141,119,135,114,120,107,130,131,138,141,128,128,121,108,121,122,132,117,139,102,139,113,127,123,119,134,118,130,128
136,124,145,130,107,133,123,135,129,142,129,128,121,129,132,122,128,117,133,126,126,127,112,139,114,125,116,113,130,129,135,139,118,121,134,124
132,138,125,133,117,130,115,139,124,119,126,124,110,123,133,128,132,123,113,125,128,146,122,142,139,122,128,130,126,126,129,135,124,129,128,130
133,133,128,108,116,150,113,130,123,125,106,133,133,121,138,113,133,125,127,118,120,120,126,142,103,139,114,135,122,125,132,118,120,117,137,124
127,125,137,134,122,138,124,124,128,137,127,139,122,123,129,126,136,128,130,130,127,130,121,119,135,135,112,119,122,125,145,145,133,133,136,123
142,116,124,115,125,137,123,132,143,142,102,118,131,126,125,120,135,121,137,116,123,139,122,144,125,129,115,124,117,130,142,132,146,135,125,126
164,122,129,142,108,113,134,113,138,122,119,147,119,129,126,131,123,138,146,127,133,125,133,125,130,124,114,131,135,131,116,128,133,126,135,130
123,134,142,145,145,137,129,124,117,139,128,126,136,128,115,129,116,125,128,126,143,110,131,108,132,137,131,131,131,130,108,128,130,123,134,124
111,133,139,132,133,142,132,118,131,132,111,132,116,141,128,130,112,135,119,122,135,107,124,127,117,139,139,112,124,139,119,128,119,119,130,125
116,146,122,114,121,123,122,126,134,117,130,129,125,144,149,121,119,114,124,115,139,107,128,125,131,123,146,121,122,123,120,136,122,145,124,132
122,135,140,140,127,125,126,114,143,121,139,128,130,120,125,107,130,133,126,130,119,133,127,117,134,118,129,117,139,123,134,119,120,137,124,130
130,145,130,142,107,146,116,125,119,128,126,131,139,123,136,112,120,140,120,137,113,124,118,136,126,138,136,124,133,131,130,125,122,130,138,137
128,106,128,147,140,122,125,128,114,131,128,123,121,116,117,126,122,121,108,125,119,115,127,133,107,128,126,113,121,126,119,124,110,122,125,131
133,128,132,133,110,144,116,134,128,139,128,137,114,123,154,115,136,113,144,128,121,140,124,143,122,143,134,125,124,122,137,127,111,117,125,127
125,137,133,135,125,148,125,138,144,125,125,134,115,138,131,147,136,116,125,127,120,112,132,128,131,125,137,118,126,122,121,135,121,129,121,129
135,118,125,122,125,150,125,130,113,136,119,130,124,127,136,124,129,115,139,120,117,124,125,135,123,139,109,133,123,128,134,123,119,129,127,123
126,126,138,138,123,138,121,132,133,122,109,130,121,128,135,115,135,129,139,116,117,112,124,136,124,125,117,122,120,130,142,129,144,110,125,122
134,119,135,135,117,133,121,125,123,134,112,112,129,132,130,129,124,122,145,116,118,120,133,140,124,132,127,125,121,125,133,120,134,126,129,125
118,133,151,123,129,142,119,121,118,113,116,135,130,146,126,138,114,119,133,128,124,131,131,126,125,119,122,144,118,135,133,130,135,133,127,127
119,124,130,128,130,116,130,119,120,109,125,128,132,133,136,139,131,136,131,131,125,119,133,134,116,116,125,133,118,120,130,125,128,128,131,130
133,126,134,133,129,133,122,128,118,134,122,126,122,123,126,127,140,129,131,123,130,124,126,132,128,132,123,122,118,123,112,132,134,121,148,121
151,127,124,134,111,153,112,130,131,124,130,114,120,125,123,133,129,130,128,116,125,123,128,135,113,134,136,123,127,127,125,112,126,127,125,130
136,128,124,136,127,144,134,131,126,138,124,124,128,132,130,138,144,129,145,115,132,123,120,139,121,118,125,131,115,122,129,120,138,132,132,117
109,133,140,137,133,137,130,136,124,145,137,143,118,133,113,109,142,147,139,118,128,115,114,132,128,133,140,117,126,128,107,133,128,123,128,131
134,133,125,136,128,146,124,126,131,128,128,131,129,120,132,126,134,114,133,115,117,128,113,141,127,139,96,132,125,128,130,130,134,113,126,116
125,135,141,115,135,136,127,132,138,152,123,136,128,119,113,118,154,115,137,116,139,119,112,124,130,140,123,135,118,120,123,125,141,110,143,121
139,119,145,119,125,128,130,130,134,135,127,142,122,136,141,133,140,118,135,121,125,121,121,131,136,133,105,131,113,119,116,128,129,120,133,116
130,133,144,128,123,144,125,122,130,101,125,133,125,131,106,112,120,136,128,113,149,123,141,133,127,134,137,124,119,122,134,127,140,126,141,126
116,123,144,136,128,124,119,127,115,138,139,148,115,142,133,129,120,121,129,128,140,130,121,133,114,122,134,139,129,141,125,133,130,130,135,123
110,137,128,129,143,126,148,120,127,122,113,128,119,139,124,135,122,124,126,118,119,121,148,126,128,120,114,134,121,130,109,148,133,133,139,130
129,106,130,141,106,124,120,134,136,130,114,133,138,136,124,128,138,133,139,123,122,135,115,119,136,116,124,131,115,125,115,140,117,128,131,122
116,130,139,124,121,128,138,119,132,119,137,124,127,135,130,137,116,124,123,117,125,130,147,119,130,129,134,118,126,128,132,136,137,127,121,126
114,150,106,135,119,141,134,124,123,120,130,111,126,127,128,139,136,134,124,123,140,119,130,122,143,116,125,130,130,128,118,143,119,131,129,129
112,131,144,126,131,126,122,110,129,106,126,136,123,125,125,128,113,131,113,123,125,113,136,126,134,110,134,123,127,138,128,133,134,127,128,122
124,126,120,139,123,141,116,127,126,122,130,142,128,113,122,137,123,142,127,141,128,126,128,122,128,133,129,130,128,125,131,127,113,127,123,130
112,140,128,146,120,133,105,133,125,121,132,118,132,122,128,133,128,136,123,124,112,142,101,128,133,125,151,125,126,118,125,128,133,131,121,134
120,134,135,144,119,142,113,127,123,124,143,128,134,125,131,124,133,128,112,116,124,134,127,135,120,134,124,113,133,129,136,125,128,136,130,136
129,125,129,136,100,130,123,136,145,144,119,117,100,118,147,131,140,116,122,128,129,133,123,135,128,126,110,121,124,128,132,115,139,130,128,125
134,127,139,124,113,148,124,144,128,139,131,144,129,130,135,133,145,129,130,113,137,130,125,126,130,129,108,129,110,125,135,133,136,138,136,124
126,128,136,125,128,112,132,126,124,130,123,134,119,130,123,136,120,122,127,119,134,104,113,131,122,135,113,134,113,131,124,144,123,124,130,126
113,127,133,133,143,128,139,115,129,113,119,129,124,139,116,136,119,119,132,118,152,143,110,142,126,118,147,116,128,135,136,151,118,151,119,123
120,153,105,140,114,133,130,118,136,139,122,116,136,118,151,132,137,142,124,133,114,131,112,136,151,106,138,122,125,121,133,149,122,133,121,136
112,142,128,142,116,147,125,125,124,133,112,123,139,115,124,125,116,129,118,141,120,128,125,122,131,125,143,120,128,118,125,132,122,134,120,130
117,126,133,156,113,154,125,134,131,125,130,133,129,119,141,126,133,117,107,135,142,129,113,129,133,134,140,121,138,119,129,117,123,145,125,131
113,115,111,113,134,145,128,128,124,121,114,119,133,124,142,117,134,124,122,138,139,120,130,129,123,145,134,125,122,134,120,135,127,129,131,129
123,138,126,115,125,136,123,113,133,139,122,128,116,116,125,128,133,128,135,110,121,132,120,120,116,128,118,138,123,135,118,125,129,123,134,118
124,128,126,133,126,148,120,126,130,114,111,138,125,145,115,149,134,129,128,122,143,120,134,117,136,107,137,144,132,130,108,130,120,118,133,125
114,136,135,142,109,136,109,115,146,119,119,122,116,110,127,129,119,130,132,130,145,130,132,138,106,122,124,130,125,127,122,141,141,123,122,128
133,103,118,144,130,138,130,126,127,110,132,109,116,122,118,112,133,127,113,127,123,128,135,135,120,133,117,121,119,128,139,153,127,124,129,130
133,121,133,126,117,154,140,140,122,137,133,134,120,129,136,128,127,128,128,111,121,133,122,144,124,123,114,121,121,127,119,128,127,132,139,126
149,134,130,125,135,142,118,135,116,135,124,127,121,123,150,131,140,109,140,129,141,111,123,130,131,125,126,123,128,125,143,111,155,125,126,133
137,123,139,136,114,141,123,143,107,131,119,128,127,130,147,111,134,126,119,141,127,142,125,132,117,116,123,127,135,128,132,125,119,129,126,133
144,128,132,137,127,112,125,135,134,119,123,128,119,122,122,128,135,116,131,122,128,128,123,132,122,129,127,142,123,129,131,125,132,131,128,130
128,128,133,127,136,128,130,116,125,142,114,128,121,122,128,119,139,122,140,108,139,107,129,133,119,153,120,138,117,131,130,139,140,115,139,113
135,128,130,133,127,137,115,145,120,136,119,139,133,113,114,109,128,115,126,120,108,99,125,147,121,148,126,130,135,133,132,129,128,128,131,120
125,131,144,124,130,128,125,116,127,138,136,133,114,130,140,136,122,131,115,114,127,114,136,131,126,127,123,129,115,136,119,128,123,121,133,122
121,124,136,120,120,141,130,114,125,115,128,128,125,139,122,132,112,126,121,119,144,116,130,128,125,126,135,132,129,129,115,132,113,117,128,128
113,134,112,133,116,143,134,123,128,115,142,124,132,136,128,133,114,147,132,122,149,114,148,128,130,128,132,132,118,129,115,140,135,128,124,128
115,140,134,144,125,121,129,136,141,121,121,123,148,131,122,131,122,144,128,128,126,125,131,128,138,126,126,144,127,134,134,130,122,140,122,137
116,134,118,140,117,140,130,138,122,143,111,125,132,118,110,130,133,120,114,128,132,115,126,128,123,117,135,116,128,125,128,135,130,128,129,133
128,103,135,143,121,153,125,126,142,137,116,122,142,134,137,134,121,129,137,133,140,128,139,125,134,135,139,113,120,129,127,108,134,130,128,121
128,107,132,127,115,133,128,138,122,151,130,124,107,128,132,143,128,123,139,115,128,123,121,133,137,129,112,136,117,126,119,133,139,134,131,122
135,124,138,135,133,128,128,119,128,129,119,142,123,130,135,125,144,128,130,103,122,114,130,142,112,138,135,133,124,119,143,120,122,128,132,122
129,128,133,142,130,136,122,144,135,145,129,128,122,141,128,124,144,118,131,131,139,137,120,131,131,127,117,131,125,122,141,126,136,113,127,142
120,111,122,123,130,132,119,124,133,131,115,134,116,141,121,125,139,130,136,112,135,119,123,124,127,132,120,126,110,136,122,133,104,124,134,119
106,149,136,103,135,127,133,116,131,128,132,133,124,123,118,136,130,128,130,116,127,101,136,119,129,130,132,138,118,128,111,139,142,120,135,122
130,114,138,137,125,139,129,125,117,141,118,135,120,130,128,129,121,120,136,122,139,113,112,128,118,149,128,129,124,133,120,124,122,123,136,125
131,125,142,133,128,140,118,132,114,132,125,155,128,127,136,112,116,132,124,118,124,128,139,121,143,104,132,121,122,129,122,139,125,136,122,126
108,143,129,145,134,161,130,121,124,110,125,125,116,123,118,142,132,138,123,128,133,124,129,131,128,115,134,117,135,130,113,151,121,136,127,125
107,154,116,149,112,141,125,107,153,128,139,116,114,128,122,124,125,129,119,116,130,127,129,125,133,123,130,123,124,130,114,123,139,125,129,126
129,136,120,116,129,136,128,124,123,131,131,111,126,122,151,136,136,136,116,135,130,125,127,133,138,128,126,125,118,116,129,116,139,128,130,131
133,100,158,150,133,136,140,127,111,134,135,128,137,137,135,125,124,134,142,119,124,132,130,129,133,150,126,115,124,138,123,135,132,121,133,128
129,123,125,134,127,135,115,133,134,139,106,123,122,135,119,135,130,136,130,115,137,129,128,131,122,137,134,139,130,128,125,119,130,126,128,107
131,138,137,128,113,139,122,123,134,136,128,134,125,131,124,133,132,128,135,106,142,122,118,137,122,145,123,140,113,129,132,137,147,119,130,119
145,130,136,134,116,128,131,128,138,119,133,133,120,129,147,114,145,119,136,123,135,128,129,123,117,135,133,130,117,136,125,125,126,122,137,119
120,140,133,114,132,164,124,115,129,122,113,119,112,133,128,122,123,130,115,128,133,128,137,125,131,119,125,142,123,142,127,131,128,121,135,127
116,126,142,124,126,125,134,124,130,134,126,135,128,145,128,133,130,129,130,128,138,124,134,116,124,127,133,122,127,139,122,125,114,123,128,128
119,135,122,147,134,149,135,122,124,110,104,130,119,131,132,141,127,125,125,141,119,122,128,132,126,130,123,113,115,128,121,134,137,123,128,124
127,120,141,134,122,117,122,128,127,145,140,136,128,105,134,131,137,133,128,124,135,131,119,135,120,122,120,138,128,132,130,130,126,113,130,122
104,132,117,130,133,130,132,126,131,100,145,128,131,122,130,122,138,131,118,115,119,116,124,119,148,122,119,115,108,128,129,136,131,123,132,125
111,144,126,128,128,121,139,119,149,130,130,116,127,142,122,142,105,125,119,123,130,121,128,121,123,124,133,124,126,136,116,143,122,134,129,123
110,127,125,130,145,116,136,110,124,117,129,130,135,139,126,122,122,135,118,138,129,128,129,122,133,138,113,133,119,134,119,138,133,121,131,128
104,134,117,124,119,145,124,116,140,119,134,119,119,127,126,134,133,146,119,129,134,131,125,127,153,119,140,122,121,123,139,143,118,147,121,136
122,127,136,144,128,128,118,123,135,112,144,122,120,118,129,141,136,142,117,140,130,115,130,122,131,123,143,123,130,130,135,147,118,139,120,125
129,147,105,131,108,141,127,124,139,135,153,104,122,141,133,134,145,112,128,127,122,130,138,119,127,110,128,125,124,130,128,115,122,113,134,132
130,108,113,138,107,124,118,125,137,127,124,138,108,113,124,138,114,131,112,122,124,122,130,133,142,123,139,116,128,113,121,119,128,132,128,134
122,143,117,139,103,149,111,111,127,130,135,127,125,120,126,134,128,132,126,129,115,122,117,127,138,122,149,114,122,119,121,131,120,134,120,129
118,139,123,127,124,128,125,124,134,129,136,120,126,124,126,141,141,141,114,125,126,129,141,115,136,130,146,115,126,125,130,126,123,135,122,125
111,121,116,136,108,129,134,128,141,121,138,130,131,145,128,134,137,140,119,125,125,118,155,137,111,142,130,110,132,126,128,142,124,130,126,128
123,136,133,130,117,153,120,122,139,119,130,121,134,132,145,119,125,112,127,148,131,129,125,138,128,113,133,113,143,124,132,132,111,122,126,135
137,125,124,141,124,138,115,125,142,126,142,120,140,121,117,119,125,132,138,127,122,143,136,131,120,124,146,126,132,118,143,136,119,123,128,132
122,126,130,138,133,141,142,142,137,136,114,137,125,139,134,137,114,130,133,122,114,120,134,137,120,118,119,122,136,130,136,119,129,122,136,133
125,115,146,115,123,132,122,135,130,135,133,121,133,127,148,122,122,123,142,133,135,116,129,133,128,122,124,122,134,117,135,121,139,126,133,133
143,121,119,130,122,141,121,132,118,137,125,128,136,128,136,123,131,129,134,128,121,121,110,122,132,118,138,127,133,120,136,123,139,129,120,134
116,129,131,143,128,146,115,123,122,120,132,119,142,125,150,130,120,130,124,123,118,144,117,137,120,118,134,122,130,123,128,123,122,128,127,128
116,132,123,147,112,142,107,124,131,110,122,139,132,113,136,119,104,96,132,126,139,122,120,142,107,140,115,112,122,122,136,129,135,112,129,125
140,123,135,135,112,149,111,130,130,122,130,115,128,121,134,113,141,117,118,133,119,145,126,132,113,134,128,125,128,125,128,121,129,112,128,125
151,116,130,130,129,151,124,131,110,139,132,115,121,128,138,118,130,116,126,120,132,111,122,141,125,136,110,126,121,123,130,118,136,113,133,122
131,123,141,128,127,142,127,143,147,137,116,134,130,131,138,145,131,119,107,115,126,120,121,145,116,131,128,118,123,130,112,120,136,124,133,125
128,125,133,140,135,132,127,131,125,125,136,117,124,133,123,134,131,127,133,111,146,113,135,125,127,137,114,116,119,135,128,113,139,125,142,128
127,142,141,139,119,128,121,127,125,129,127,127,126,121,105,128,122,136,122,116,131,131,125,116,119,130,110,128,123,135,122,129,140,127,129,124
125,137,125,134,143,135,140,120,135,135,120,132,134,120,132,118,109,128,128,125,124,130,129,118,144,119,133,121,117,134,125,138,128,134,121,123
120,127,130,130,115,112,111,106,144,103,110,120,119,128,127,136,123,136,120,115,142,121,143,129,119,107,133,125,119,131,118,140,107,128,125,128
118,144,103,115,113,145,128,125,125,125,141,125,133,140,131,114,126,145,116,124,127,139,131,131,137,126,131,122,124,142,143,125,118,142,122,131
126,132,139,156,127,128,122,128,131,121,119,104,132,128,135,147,121,133,121,126,128,123,146,115,145,124,118,114,124,126,121,144,139,130,128,128
111,133,164,145,119,130,121,110,126,106,125,140,142,127,154,140,126,132,125,123,105,121,116,118,139,112,138,116,134,119,130,139,105,130,122,138
129,136,132,139,100,139,116,128,128,131,148,130,138,119,128,122,123,130,118,138,136,115,127,126,128,125,141,128,135,109,130,134,119,139,127,123
122,141,126,135,128,153,130,120,132,117,135,135,130,130,118,117,125,142,118,128,123,132,124,120,121,119,141,122,130,118,111,124,125,119,117,124
127,146,132,128,114,139,125,130,143,122,125,118,133,122,126,137,130,136,113,129,129,122,126,133,147,120,136,129,125,140,128,126,136,120,125,130
127,127,120,141,113,136,125,130,128,124,134,130,128,133,119,112,121,128,122,130,127,128,116,129,124,133,140,126,120,127,136,106,127,129,127,135
133,126,139,139,129,147,113,140,158,136,131,130,126,133,151,117,142,125,125,114,125,116,124,121,138,128,126,125,120,127,130,120,126,132,133,130
129,118,126,117,125,130,119,122,128,122,127,130,129,121,128,128,140,118,133,134,129,131,122,128,143,134,126,119,118,129,138,128,123,118,133,131
126,102,120,140,125,133,111,134,117,129,109,127,125,121,121,120,123,133,138,125,135,121,123,145,121,137,136,128,132,136,128,128,125,125,130,128
124,126,121,116,139,148,129,131,130,138,129,133,124,129,125,123,134,116,148,119,140,111,115,141,122,128,120,125,118,119,125,139,142,116,142,119
130,122,133,130,123,129,122,115,122,151,104,128,127,130,126,127,136,125,136,133,110,131,129,142,147,141,125,130,122,115,129,129,142,117,137,106
121,125,135,109,129,128,128,119,124,133,127,122,119,128,115,104,142,122,133,129,116,126,130,142,122,129,126,118,121,125,136,130,136,125,130,125
130,127,136,139,141,152,134,123,110,116,113,132,130,124,128,129,122,130,129,128,136,123,123,128,127,139,132,134,118,128,125,125,124,128,136,127
116,133,130,128,117,122,143,113,128,116,125,130,121,137,125,146,118,127,125,113,136,113,132,126,130,112,144,139,111,140,105,132,132,134,128,127
128,127,150,128,138,137,130,116,119,125,125,123,111,142,119,131,128,123,139,123,136,134,138,130,121,132,136,134,123,130,122,134,127,139,133,126
118,140,122,132,136,137,120,136,122,123,120,128,117,133,121,127,124,113,151,128,133,124,113,128,148,119,139,117,115,130,125,149,134,139,117,125
114,143,133,135,110,142,136,128,133,119,112,128,140,121,126,143,110,129,130,128,128,119,138,112,132,123,130,115,121,121,133,133,132,139,107,128
127,139,124,136,111,148,121,128,133,116,122,119,134,132,126,124,128,142,124,141,128,118,118,133,132,131,128,124,119,123,138,138,132,140,107,134
108,142,122,148,118,135,117,130,131,120,128,122,136,113,127,116,129,141,129,137,132,135,137,128,128,127,136,114,133,126,119,159,126,127,123,119
114,128,144,141,130,158,104,130,117,129,128,127,131,112,132,128,124,131,128,128,125,135,126,131,129,121,122,118,131,118,129,119,128,135,122,130
134,116,136,145,125,146,118,122,135,130,101,125,114,133,133,119,129,127,120,118,135,134,126,139,119,120,131,125,127,128,144,138,114,126,135,124
145,124,135,129,110,130,121,130,107,128,122,137,118,127,136,113,130,121,118,123,117,120,126,136,124,150,129,139,122,129,118,136,128,121,126,119
122,119,139,128,133,124,134,142,136,144,143,101,110,147,107,130,128,119,128,129,148,114,139,122,127,129,132,127,127,139,128,141,122,133,127,131
117,132,128,134,124,131,135,122,147,111,115,122,120,142,122,133,115,132,124,124,125,111,135,127,140,124,137,138,127,136,122,132,122,128,123,128
123,137,110,133,126,135,128,121,135,121,133,121,128,133,116,142,140,135,110,126,140,122,137,127,134,125,146,115,137,121,131,136,119,129,128,122
114,133,129,132,117,128,114,124,131,114,138,118,133,116,136,119,120,136,122,134,149,129,121,139,121,110,127,125,132,127,140,118,137,125,123,134
130,117,137,134,106,145,121,133,133,128,103,140,136,122,145,116,122,128,131,126,140,139,125,128,107,136,118,117,138,122,134,116,135,112,130,124
135,120,133,129,125,133,124,131,120,148,110,148,122,130,142,125,130,116,137,121,122,123,136,142,124,130,126,125,119,127,127,133,136,125,139,127
137,127,132,131,114,124,139,123,127,133,113,134,112,122,133,114,139,123,127,109,124,111,133,136,136,137,134,133,120,126,125,127,154,122,124,136
113,125,147,142,132,116,125,119,130,113,119,126,123,133,136,109,128,125,128,110,144,122,136,124,142,119,113,126,125,127,116,142,128,143,130,126
108,125,125,121,118,133,142,122,136,110,133,139,123,143,123,135,112,143,124,135,128,116,115,123,122,117,122,124,122,133,110,148,106,120,136,129
126,136,127,112,138,134,132,122,137,112,138,125,127,136,127,141,116,128,127,134,118,128,132,133,125,129,116,115,125,130,133,143,125,127,127,129
120,145,134,139,119,125,130,121,152,125,124,135,128,115,151,126,127,130,115,136,113,135,117,135,125,120,120,107,144,104,130,126,131,136,136,134
